# Energy [MeV]	Counts
2.050000000000000086e-02 1.430000000000000000e+04
2.149999999999999828e-02 1.953900000000000000e+04
2.249999999999999917e-02 1.085240000000000000e+05
2.350000000000000006e-02 1.972270000000000000e+05
2.450000000000000094e-02 7.626900000000000000e+04
2.550000000000000183e-02 2.863100000000000000e+04
2.649999999999999925e-02 1.135120000000000000e+05
2.749999999999999667e-02 1.130370000000000000e+05
2.849999999999999756e-02 1.285000000000000000e+04
2.949999999999999845e-02 1.929400000000000000e+04
3.049999999999999933e-02 2.948400000000000000e+04
3.150000000000000022e-02 1.021300000000000000e+04
3.250000000000000111e-02 5.957000000000000000e+03
3.350000000000000200e-02 7.235300000000000000e+04
3.449999999999999595e-02 1.299300000000000000e+04
3.549999999999999684e-02 3.332000000000000000e+03
3.649999999999999772e-02 7.150000000000000000e+03
3.749999999999999167e-02 4.348300000000000000e+04
3.849999999999999256e-02 2.726000000000000000e+03
3.949999999999999345e-02 4.531000000000000000e+03
4.049999999999999434e-02 2.809000000000000000e+03
4.149999999999999523e-02 2.280000000000000000e+03
4.249999999999999611e-02 3.008700000000000000e+04
4.349999999999999700e-02 7.659000000000000000e+03
4.449999999999999789e-02 1.149300000000000000e+04
4.549999999999999878e-02 4.044000000000000000e+03
4.649999999999999967e-02 1.829100000000000000e+04
4.750000000000000056e-02 2.378000000000000000e+03
4.849999999999999450e-02 3.909000000000000000e+03
4.949999999999999539e-02 4.042000000000000000e+03
5.049999999999998934e-02 2.050000000000000000e+03
5.149999999999999023e-02 2.422000000000000000e+03
5.249999999999999112e-02 2.601000000000000000e+03
5.349999999999999201e-02 3.318000000000000000e+03
5.449999999999999289e-02 4.094000000000000000e+03
5.549999999999999378e-02 3.034000000000000000e+03
5.649999999999999467e-02 6.882500000000000000e+04
5.749999999999999556e-02 4.135000000000000000e+03
5.849999999999999645e-02 2.207000000000000000e+03
5.949999999999999734e-02 2.510000000000000000e+03
6.049999999999999822e-02 1.857000000000000000e+03
6.149999999999999217e-02 1.801000000000000000e+03
6.249999999999998612e-02 3.437000000000000000e+03
6.349999999999998701e-02 2.865000000000000000e+03
6.449999999999998790e-02 5.871000000000000000e+03
6.549999999999998879e-02 2.385000000000000000e+03
6.649999999999998967e-02 3.651000000000000000e+03
6.749999999999999056e-02 3.801000000000000000e+03
6.849999999999999145e-02 9.694000000000000000e+03
6.949999999999999234e-02 3.199400000000000000e+04
7.049999999999999323e-02 6.661000000000000000e+03
7.149999999999999412e-02 3.008000000000000000e+03
7.249999999999999500e-02 1.243450000000000000e+05
7.349999999999999589e-02 8.646700000000000000e+04
7.449999999999998290e-02 6.525000000000000000e+03
7.549999999999998379e-02 6.333000000000000000e+03
7.649999999999998468e-02 2.008010000000000000e+05
7.749999999999998557e-02 1.081450000000000000e+05
7.849999999999998646e-02 7.273000000000000000e+03
7.949999999999998734e-02 7.926000000000000000e+03
8.049999999999998823e-02 6.108000000000000000e+03
8.149999999999998912e-02 8.864000000000000000e+03
8.249999999999999001e-02 9.103000000000000000e+03
8.349999999999999090e-02 6.617000000000000000e+03
8.449999999999999178e-02 5.626000000000000000e+03
8.549999999999999267e-02 6.496000000000000000e+03
8.649999999999999356e-02 5.817000000000000000e+03
8.749999999999999445e-02 7.473000000000000000e+03
8.849999999999999534e-02 5.988000000000000000e+03
8.949999999999999623e-02 8.489000000000000000e+03
9.049999999999999711e-02 2.980900000000000000e+04
9.149999999999998412e-02 8.044000000000000000e+03
9.249999999999998501e-02 1.003100000000000000e+04
9.349999999999998590e-02 7.793000000000000000e+03
9.449999999999998679e-02 9.349000000000000000e+03
9.549999999999998768e-02 2.784900000000000000e+04
9.649999999999998856e-02 1.122800000000000000e+04
9.749999999999998945e-02 1.052300000000000000e+04
9.849999999999999034e-02 9.475000000000000000e+03
9.949999999999999123e-02 5.452000000000000000e+03
1.004999999999999921e-01 2.324961000000000000e+06
1.014999999999999930e-01 1.221000000000000000e+04
1.024999999999999939e-01 1.157100000000000000e+04
1.034999999999999809e-01 7.922000000000000000e+03
1.044999999999999818e-01 6.318000000000000000e+03
1.054999999999999827e-01 2.765600000000000000e+04
1.064999999999999836e-01 7.691000000000000000e+03
1.074999999999999845e-01 1.240100000000000000e+04
1.084999999999999853e-01 2.895000000000000000e+03
1.094999999999999862e-01 4.473000000000000000e+03
1.104999999999999871e-01 2.187000000000000000e+04
1.114999999999999880e-01 2.564000000000000000e+03
1.124999999999999889e-01 1.708200000000000000e+04
1.134999999999999898e-01 2.441000000000000000e+03
1.144999999999999907e-01 1.144800000000000000e+04
1.154999999999999916e-01 8.657000000000000000e+03
1.164999999999999786e-01 2.717000000000000000e+03
1.174999999999999795e-01 1.496700000000000000e+04
1.184999999999999803e-01 4.533000000000000000e+03
1.194999999999999812e-01 9.800000000000000000e+03
1.204999999999999821e-01 1.762400000000000000e+04
1.214999999999999830e-01 1.862400000000000000e+04
1.224999999999999839e-01 1.345000000000000000e+04
1.234999999999999848e-01 1.903500000000000000e+04
1.244999999999999857e-01 4.548000000000000000e+03
1.254999999999999727e-01 4.515000000000000000e+03
1.264999999999999736e-01 9.693000000000000000e+03
1.274999999999999745e-01 4.485000000000000000e+03
1.284999999999999754e-01 8.900000000000000000e+02
1.294999999999999762e-01 3.135000000000000000e+03
1.304999999999999771e-01 1.753000000000000000e+03
1.314999999999999780e-01 1.043000000000000000e+03
1.324999999999999789e-01 8.850000000000000000e+02
1.334999999999999798e-01 1.197000000000000000e+03
1.344999999999999807e-01 1.250000000000000000e+03
1.354999999999999816e-01 2.429400000000000000e+04
1.364999999999999825e-01 7.750000000000000000e+02
1.374999999999999833e-01 1.666000000000000000e+03
1.384999999999999842e-01 1.280000000000000000e+03
1.394999999999999851e-01 1.168000000000000000e+03
1.404999999999999860e-01 1.116000000000000000e+03
1.414999999999999591e-01 1.715000000000000000e+03
1.424999999999999600e-01 2.298000000000000000e+03
1.434999999999999609e-01 3.271000000000000000e+03
1.444999999999999618e-01 1.475000000000000000e+03
1.454999999999999627e-01 1.196000000000000000e+03
1.464999999999999636e-01 9.518000000000000000e+03
1.474999999999999645e-01 5.824000000000000000e+03
1.484999999999999654e-01 1.328000000000000000e+03
1.494999999999999662e-01 1.736100000000000000e+04
1.504999999999999671e-01 8.780000000000000000e+02
1.514999999999999680e-01 2.295000000000000000e+03
1.524999999999999689e-01 8.410000000000000000e+02
1.534999999999999698e-01 1.011000000000000000e+03
1.544999999999999707e-01 2.416000000000000000e+03
1.554999999999999716e-01 3.088000000000000000e+03
1.564999999999999725e-01 2.077000000000000000e+03
1.574999999999999734e-01 1.374000000000000000e+03
1.584999999999999742e-01 9.906000000000000000e+03
1.594999999999999751e-01 2.852000000000000000e+03
1.604999999999999760e-01 3.506000000000000000e+03
1.614999999999999492e-01 1.687000000000000000e+03
1.624999999999999500e-01 1.349200000000000000e+04
1.634999999999999509e-01 9.000000000000000000e+02
1.644999999999999518e-01 1.656000000000000000e+03
1.654999999999999527e-01 8.459000000000000000e+03
1.664999999999999536e-01 8.336000000000000000e+03
1.674999999999999545e-01 1.005000000000000000e+03
1.684999999999999554e-01 6.680600000000000000e+04
1.694999999999999563e-01 2.253600000000000000e+04
1.704999999999999571e-01 4.303000000000000000e+03
1.714999999999999580e-01 4.801000000000000000e+03
1.724999999999999589e-01 3.798000000000000000e+03
1.734999999999999598e-01 2.745000000000000000e+03
1.744999999999999607e-01 1.760900000000000000e+04
1.754999999999999616e-01 1.286000000000000000e+03
1.764999999999999625e-01 5.210000000000000000e+03
1.774999999999999634e-01 3.326000000000000000e+03
1.784999999999999643e-01 9.610000000000000000e+02
1.794999999999999651e-01 2.464700000000000000e+04
1.804999999999999660e-01 1.627000000000000000e+03
1.814999999999999669e-01 1.035000000000000000e+03
1.824999999999999678e-01 1.096000000000000000e+03
1.834999999999999687e-01 4.288000000000000000e+04
1.844999999999999696e-01 1.084000000000000000e+03
1.854999999999999705e-01 9.840000000000000000e+02
1.864999999999999436e-01 2.111000000000000000e+03
1.874999999999999445e-01 1.740000000000000000e+03
1.884999999999999454e-01 1.713000000000000000e+03
1.894999999999999463e-01 1.204000000000000000e+03
1.904999999999999472e-01 1.732000000000000000e+03
1.914999999999999480e-01 6.687600000000000000e+04
1.924999999999999489e-01 1.848000000000000000e+03
1.934999999999999498e-01 1.254000000000000000e+03
1.944999999999999507e-01 1.169000000000000000e+03
1.954999999999999516e-01 1.333000000000000000e+03
1.964999999999999525e-01 6.682500000000000000e+04
1.974999999999999534e-01 7.240000000000000000e+02
1.984999999999999543e-01 7.870000000000000000e+02
1.994999999999999551e-01 1.507000000000000000e+03
2.004999999999999560e-01 2.639200000000000000e+04
2.014999999999999569e-01 1.847000000000000000e+03
2.024999999999999578e-01 1.065000000000000000e+03
2.034999999999999587e-01 6.930000000000000000e+02
2.044999999999999596e-01 8.460000000000000000e+02
2.054999999999999605e-01 3.210000000000000000e+02
2.064999999999999614e-01 8.310000000000000000e+02
2.074999999999999623e-01 6.060000000000000000e+02
2.084999999999999631e-01 5.600000000000000000e+02
2.094999999999999640e-01 3.880000000000000000e+02
2.104999999999999649e-01 1.155000000000000000e+03
2.114999999999999658e-01 2.227000000000000000e+03
2.124999999999999389e-01 5.730000000000000000e+02
2.134999999999999398e-01 1.732000000000000000e+03
2.144999999999999407e-01 1.970000000000000000e+03
2.154999999999999416e-01 3.380000000000000000e+02
2.164999999999999425e-01 1.554000000000000000e+03
2.174999999999999434e-01 1.100000000000000000e+03
2.184999999999999443e-01 5.060000000000000000e+02
2.194999999999999452e-01 1.623000000000000000e+03
2.204999999999999460e-01 7.070000000000000000e+02
2.214999999999999469e-01 1.257000000000000000e+03
2.224999999999999478e-01 1.332000000000000000e+03
2.234999999999999487e-01 5.900000000000000000e+02
2.244999999999999496e-01 3.170000000000000000e+02
2.254999999999999505e-01 4.060000000000000000e+02
2.264999999999999514e-01 2.130000000000000000e+02
2.274999999999999523e-01 2.920000000000000000e+02
2.284999999999999531e-01 2.660000000000000000e+02
2.294999999999999540e-01 3.250000000000000000e+02
2.304999999999999549e-01 3.410000000000000000e+02
2.314999999999999558e-01 3.460000000000000000e+02
2.324999999999999567e-01 2.740000000000000000e+02
2.334999999999999576e-01 5.780000000000000000e+02
2.344999999999999585e-01 7.158000000000000000e+03
2.354999999999999594e-01 2.726000000000000000e+03
2.364999999999999603e-01 2.050000000000000000e+02
2.374999999999999334e-01 9.530000000000000000e+02
2.384999999999999343e-01 1.950000000000000000e+02
2.394999999999999352e-01 6.360000000000000000e+02
2.404999999999999361e-01 4.810000000000000000e+02
2.414999999999999369e-01 4.660000000000000000e+02
2.424999999999999378e-01 5.510000000000000000e+02
2.434999999999999387e-01 1.607000000000000000e+03
2.444999999999999396e-01 2.420000000000000000e+02
2.454999999999999405e-01 4.620000000000000000e+02
2.464999999999999414e-01 1.329000000000000000e+03
2.474999999999999423e-01 2.470000000000000000e+02
2.484999999999999432e-01 9.980000000000000000e+02
2.494999999999999440e-01 1.410000000000000000e+02
2.504999999999999449e-01 3.110000000000000000e+02
2.514999999999999458e-01 5.900000000000000000e+02
2.524999999999999467e-01 3.590000000000000000e+02
2.534999999999999476e-01 4.560000000000000000e+02
2.544999999999999485e-01 5.240000000000000000e+02
2.554999999999999494e-01 1.214000000000000000e+03
2.564999999999999503e-01 3.830000000000000000e+02
2.574999999999999512e-01 1.120000000000000000e+03
2.584999999999999520e-01 1.020000000000000000e+03
2.594999999999999529e-01 2.851000000000000000e+03
2.604999999999999538e-01 2.240000000000000000e+02
2.614999999999999547e-01 3.550000000000000000e+02
2.624999999999999556e-01 3.230000000000000000e+02
2.634999999999999565e-01 4.340000000000000000e+02
2.644999999999999574e-01 2.360000000000000000e+02
2.654999999999999583e-01 6.860000000000000000e+02
2.664999999999999591e-01 7.215000000000000000e+03
2.674999999999999600e-01 4.160000000000000000e+02
2.684999999999999609e-01 3.730000000000000000e+02
2.694999999999999618e-01 3.640000000000000000e+02
2.704999999999999627e-01 2.410000000000000000e+02
2.714999999999999636e-01 8.900000000000000000e+01
2.724999999999999645e-01 5.160000000000000000e+02
2.734999999999999654e-01 6.410000000000000000e+02
2.744999999999999662e-01 1.640000000000000000e+02
2.754999999999999671e-01 1.170000000000000000e+02
2.764999999999999680e-01 8.100000000000000000e+01
2.774999999999999689e-01 8.100000000000000000e+01
2.784999999999999698e-01 6.818000000000000000e+03
2.794999999999999707e-01 8.500000000000000000e+01
2.804999999999999716e-01 1.500000000000000000e+02
2.814999999999999725e-01 7.500000000000000000e+01
2.824999999999999734e-01 1.590000000000000000e+02
2.834999999999999742e-01 5.200000000000000000e+01
2.844999999999999751e-01 1.030000000000000000e+02
2.854999999999999760e-01 8.800000000000000000e+01
2.864999999999999769e-01 9.500000000000000000e+01
2.874999999999999778e-01 1.220000000000000000e+02
2.884999999999999787e-01 2.698000000000000000e+03
2.894999999999999796e-01 1.440000000000000000e+02
2.904999999999999805e-01 9.600000000000000000e+01
2.914999999999999813e-01 1.690000000000000000e+02
2.924999999999999822e-01 6.600000000000000000e+01
2.934999999999999831e-01 4.200000000000000000e+01
2.944999999999999840e-01 3.600000000000000000e+01
2.954999999999999849e-01 2.657000000000000000e+03
2.964999999999999858e-01 2.200000000000000000e+01
2.974999999999999867e-01 3.000000000000000000e+01
2.984999999999999876e-01 7.200000000000000000e+01
2.994999999999999885e-01 4.400000000000000000e+01
3.004999999999999893e-01 4.199000000000000000e+03
