# Energy [MeV]	Counts
2.050000000000000086e-02 1.181100000000000000e+04
2.149999999999999828e-02 1.499600000000000000e+04
2.249999999999999917e-02 4.510700000000000000e+04
2.350000000000000006e-02 9.686600000000000000e+04
2.450000000000000094e-02 1.792300000000000000e+04
2.550000000000000183e-02 2.041100000000000000e+04
2.649999999999999925e-02 4.696500000000000000e+04
2.749999999999999667e-02 5.590600000000000000e+04
2.849999999999999756e-02 9.793000000000000000e+03
2.949999999999999845e-02 2.687300000000000000e+04
3.049999999999999933e-02 2.331700000000000000e+04
3.150000000000000022e-02 1.414100000000000000e+04
3.250000000000000111e-02 5.732000000000000000e+03
3.350000000000000200e-02 1.046600000000000000e+04
3.449999999999999595e-02 3.530000000000000000e+03
3.549999999999999684e-02 2.670000000000000000e+03
3.649999999999999772e-02 1.048500000000000000e+04
3.749999999999999167e-02 1.086300000000000000e+04
3.849999999999999256e-02 1.340900000000000000e+04
3.949999999999999345e-02 3.676000000000000000e+03
4.049999999999999434e-02 3.283000000000000000e+03
4.149999999999999523e-02 3.203000000000000000e+03
4.249999999999999611e-02 3.535000000000000000e+03
4.349999999999999700e-02 1.466100000000000000e+04
4.449999999999999789e-02 4.918000000000000000e+03
4.549999999999999878e-02 2.994000000000000000e+03
4.649999999999999967e-02 4.180000000000000000e+03
4.750000000000000056e-02 3.924000000000000000e+03
4.849999999999999450e-02 2.749000000000000000e+03
4.949999999999999539e-02 1.486400000000000000e+04
5.049999999999998934e-02 9.642000000000000000e+03
5.149999999999999023e-02 3.539000000000000000e+03
5.249999999999999112e-02 4.317000000000000000e+03
5.349999999999999201e-02 3.611000000000000000e+03
5.449999999999999289e-02 4.112000000000000000e+03
5.549999999999999378e-02 3.847000000000000000e+03
5.649999999999999467e-02 1.577400000000000000e+04
5.749999999999999556e-02 1.161500000000000000e+04
5.849999999999999645e-02 2.950000000000000000e+03
5.949999999999999734e-02 3.336000000000000000e+03
6.049999999999999822e-02 5.170000000000000000e+03
6.149999999999999217e-02 3.387000000000000000e+03
6.249999999999998612e-02 2.857000000000000000e+03
6.349999999999998701e-02 9.491000000000000000e+03
6.449999999999998790e-02 1.882800000000000000e+04
6.549999999999998879e-02 3.996000000000000000e+03
6.649999999999998967e-02 3.502000000000000000e+03
6.749999999999999056e-02 3.572000000000000000e+03
6.849999999999999145e-02 9.451000000000000000e+03
6.949999999999999234e-02 2.244800000000000000e+04
7.049999999999999323e-02 1.418200000000000000e+04
7.149999999999999412e-02 2.561400000000000000e+04
7.249999999999999500e-02 7.918200000000000000e+04
7.349999999999999589e-02 5.677800000000000000e+04
7.449999999999998290e-02 2.260200000000000000e+04
7.549999999999998379e-02 1.050000000000000000e+04
7.649999999999998468e-02 1.131120000000000000e+05
7.749999999999998557e-02 1.016090000000000000e+05
7.849999999999998646e-02 3.631100000000000000e+04
7.949999999999998734e-02 1.237400000000000000e+04
8.049999999999998823e-02 9.515000000000000000e+03
8.149999999999998912e-02 9.971000000000000000e+03
8.249999999999999001e-02 1.093400000000000000e+04
8.349999999999999090e-02 1.511600000000000000e+04
8.449999999999999178e-02 1.829700000000000000e+04
8.549999999999999267e-02 7.619000000000000000e+03
8.649999999999999356e-02 6.887000000000000000e+03
8.749999999999999445e-02 7.031000000000000000e+03
8.849999999999999534e-02 7.035000000000000000e+03
8.949999999999999623e-02 2.450000000000000000e+04
9.049999999999999711e-02 1.872000000000000000e+04
9.149999999999998412e-02 9.054000000000000000e+03
9.249999999999998501e-02 8.784000000000000000e+03
9.349999999999998590e-02 2.103600000000000000e+04
9.449999999999998679e-02 1.917700000000000000e+04
9.549999999999998768e-02 2.291300000000000000e+04
9.649999999999998856e-02 1.083900000000000000e+04
9.749999999999998945e-02 2.984000000000000000e+04
9.849999999999999034e-02 1.193600000000000000e+04
9.949999999999999123e-02 2.527900000000000000e+04
1.004999999999999921e-01 1.555685000000000000e+06
1.014999999999999930e-01 2.961870000000000000e+05
1.024999999999999939e-01 3.987700000000000000e+04
1.034999999999999809e-01 3.402400000000000000e+04
1.044999999999999818e-01 4.258200000000000000e+04
1.054999999999999827e-01 9.913600000000000000e+04
1.064999999999999836e-01 3.387500000000000000e+04
1.074999999999999845e-01 3.588500000000000000e+04
1.084999999999999853e-01 1.690300000000000000e+04
1.094999999999999862e-01 1.838700000000000000e+04
1.104999999999999871e-01 3.001500000000000000e+04
1.114999999999999880e-01 1.126100000000000000e+04
1.124999999999999889e-01 1.121100000000000000e+04
1.134999999999999898e-01 1.051100000000000000e+04
1.144999999999999907e-01 1.171900000000000000e+04
1.154999999999999916e-01 1.386900000000000000e+04
1.164999999999999786e-01 9.501000000000000000e+03
1.174999999999999795e-01 1.079400000000000000e+04
1.184999999999999803e-01 1.323000000000000000e+04
1.194999999999999812e-01 9.736000000000000000e+03
1.204999999999999821e-01 1.513900000000000000e+04
1.214999999999999830e-01 2.672100000000000000e+04
1.224999999999999839e-01 2.075500000000000000e+04
1.234999999999999848e-01 1.536200000000000000e+04
1.244999999999999857e-01 1.281500000000000000e+04
1.254999999999999727e-01 1.350100000000000000e+04
1.264999999999999736e-01 1.038900000000000000e+04
1.274999999999999745e-01 8.763000000000000000e+03
1.284999999999999754e-01 2.215100000000000000e+04
1.294999999999999762e-01 8.280000000000000000e+03
1.304999999999999771e-01 5.725000000000000000e+03
1.314999999999999780e-01 4.694000000000000000e+03
1.324999999999999789e-01 4.509000000000000000e+03
1.334999999999999798e-01 6.153000000000000000e+03
1.344999999999999807e-01 4.618000000000000000e+03
1.354999999999999816e-01 2.854800000000000000e+04
1.364999999999999825e-01 1.028000000000000000e+04
1.374999999999999833e-01 4.259000000000000000e+03
1.384999999999999842e-01 9.531000000000000000e+03
1.394999999999999851e-01 6.190000000000000000e+03
1.404999999999999860e-01 4.555000000000000000e+03
1.414999999999999591e-01 5.191000000000000000e+03
1.424999999999999600e-01 1.038800000000000000e+04
1.434999999999999609e-01 4.444000000000000000e+03
1.444999999999999618e-01 5.661000000000000000e+03
1.454999999999999627e-01 4.065000000000000000e+03
1.464999999999999636e-01 5.192000000000000000e+03
1.474999999999999645e-01 5.058000000000000000e+03
1.484999999999999654e-01 4.069000000000000000e+03
1.494999999999999662e-01 1.333100000000000000e+04
1.504999999999999671e-01 6.499000000000000000e+03
1.514999999999999680e-01 4.642000000000000000e+03
1.524999999999999689e-01 3.536000000000000000e+03
1.534999999999999698e-01 3.950000000000000000e+03
1.544999999999999707e-01 6.285000000000000000e+03
1.554999999999999716e-01 2.247300000000000000e+04
1.564999999999999725e-01 1.130600000000000000e+04
1.574999999999999734e-01 6.333000000000000000e+03
1.584999999999999742e-01 5.293000000000000000e+03
1.594999999999999751e-01 4.700000000000000000e+03
1.604999999999999760e-01 3.248000000000000000e+03
1.614999999999999492e-01 4.417000000000000000e+03
1.624999999999999500e-01 1.649900000000000000e+04
1.634999999999999509e-01 5.590000000000000000e+03
1.644999999999999518e-01 5.566000000000000000e+03
1.654999999999999527e-01 5.941000000000000000e+03
1.664999999999999536e-01 1.146500000000000000e+04
1.674999999999999545e-01 7.207000000000000000e+03
1.684999999999999554e-01 1.772800000000000000e+04
1.694999999999999563e-01 1.325500000000000000e+04
1.704999999999999571e-01 1.013600000000000000e+04
1.714999999999999580e-01 1.013000000000000000e+04
1.724999999999999589e-01 1.948200000000000000e+04
1.734999999999999598e-01 1.389500000000000000e+04
1.744999999999999607e-01 1.327300000000000000e+04
1.754999999999999616e-01 8.495000000000000000e+03
1.764999999999999625e-01 8.739000000000000000e+03
1.774999999999999634e-01 5.403000000000000000e+03
1.784999999999999643e-01 4.852000000000000000e+03
1.794999999999999651e-01 5.412000000000000000e+03
1.804999999999999660e-01 4.075000000000000000e+03
1.814999999999999669e-01 3.338000000000000000e+03
1.824999999999999678e-01 3.390000000000000000e+03
1.834999999999999687e-01 1.107100000000000000e+04
1.844999999999999696e-01 4.366000000000000000e+03
1.854999999999999705e-01 3.365000000000000000e+03
1.864999999999999436e-01 4.233000000000000000e+03
1.874999999999999445e-01 2.382300000000000000e+04
1.884999999999999454e-01 8.703000000000000000e+03
1.894999999999999463e-01 6.519000000000000000e+03
1.904999999999999472e-01 4.534000000000000000e+03
1.914999999999999480e-01 1.750900000000000000e+04
1.924999999999999489e-01 5.615000000000000000e+03
1.934999999999999498e-01 5.667000000000000000e+03
1.944999999999999507e-01 5.473300000000000000e+04
1.954999999999999516e-01 1.662200000000000000e+04
1.964999999999999525e-01 2.686000000000000000e+04
1.974999999999999534e-01 1.716900000000000000e+04
1.984999999999999543e-01 1.485600000000000000e+04
1.994999999999999551e-01 1.707100000000000000e+04
2.004999999999999560e-01 1.602500000000000000e+04
2.014999999999999569e-01 8.396000000000000000e+03
2.024999999999999578e-01 3.081000000000000000e+03
2.034999999999999587e-01 2.375000000000000000e+03
2.044999999999999596e-01 3.338000000000000000e+03
2.054999999999999605e-01 3.165000000000000000e+03
2.064999999999999614e-01 2.016000000000000000e+03
2.074999999999999623e-01 2.260000000000000000e+03
2.084999999999999631e-01 1.479000000000000000e+03
2.094999999999999640e-01 1.487000000000000000e+03
2.104999999999999649e-01 3.115000000000000000e+03
2.114999999999999658e-01 1.618000000000000000e+03
2.124999999999999389e-01 1.394000000000000000e+03
2.134999999999999398e-01 9.740000000000000000e+02
2.144999999999999407e-01 1.771000000000000000e+03
2.154999999999999416e-01 1.358000000000000000e+03
2.164999999999999425e-01 1.348000000000000000e+03
2.174999999999999434e-01 1.502000000000000000e+03
2.184999999999999443e-01 1.219000000000000000e+03
2.194999999999999452e-01 1.205000000000000000e+03
2.204999999999999460e-01 1.295000000000000000e+03
2.214999999999999469e-01 1.128000000000000000e+03
2.224999999999999478e-01 1.202000000000000000e+03
2.234999999999999487e-01 8.390000000000000000e+02
2.244999999999999496e-01 6.630000000000000000e+02
2.254999999999999505e-01 1.463000000000000000e+03
2.264999999999999514e-01 2.181000000000000000e+03
2.274999999999999523e-01 1.231000000000000000e+03
2.284999999999999531e-01 1.346000000000000000e+03
2.294999999999999540e-01 5.990000000000000000e+02
2.304999999999999549e-01 5.260000000000000000e+02
2.314999999999999558e-01 5.010000000000000000e+02
2.324999999999999567e-01 1.084000000000000000e+03
2.334999999999999576e-01 1.951000000000000000e+03
2.344999999999999585e-01 1.201000000000000000e+03
2.354999999999999594e-01 1.091000000000000000e+03
2.364999999999999603e-01 5.910000000000000000e+02
2.374999999999999334e-01 5.730000000000000000e+02
2.384999999999999343e-01 7.800000000000000000e+02
2.394999999999999352e-01 5.660000000000000000e+02
2.404999999999999361e-01 7.640000000000000000e+02
2.414999999999999369e-01 4.410000000000000000e+02
2.424999999999999378e-01 7.440000000000000000e+02
2.434999999999999387e-01 4.550000000000000000e+02
2.444999999999999396e-01 5.100000000000000000e+02
2.454999999999999405e-01 4.350000000000000000e+02
2.464999999999999414e-01 5.130000000000000000e+02
2.474999999999999423e-01 4.560000000000000000e+02
2.484999999999999432e-01 6.180000000000000000e+02
2.494999999999999440e-01 5.220000000000000000e+02
2.504999999999999449e-01 7.650000000000000000e+02
2.514999999999999458e-01 4.930000000000000000e+02
2.524999999999999467e-01 3.820000000000000000e+02
2.534999999999999476e-01 4.270000000000000000e+02
2.544999999999999485e-01 3.910000000000000000e+02
2.554999999999999494e-01 1.079000000000000000e+03
2.564999999999999503e-01 4.410000000000000000e+02
2.574999999999999512e-01 8.330000000000000000e+02
2.584999999999999520e-01 7.240000000000000000e+02
2.594999999999999529e-01 6.580000000000000000e+02
2.604999999999999538e-01 6.350000000000000000e+02
2.614999999999999547e-01 7.880000000000000000e+02
2.624999999999999556e-01 6.720000000000000000e+02
2.634999999999999565e-01 6.340000000000000000e+02
2.644999999999999574e-01 7.090000000000000000e+02
2.654999999999999583e-01 6.090000000000000000e+02
2.664999999999999591e-01 6.540000000000000000e+02
2.674999999999999600e-01 1.434000000000000000e+03
2.684999999999999609e-01 9.910000000000000000e+02
2.694999999999999618e-01 7.120000000000000000e+02
2.704999999999999627e-01 6.540000000000000000e+02
2.714999999999999636e-01 4.370000000000000000e+02
2.724999999999999645e-01 5.440000000000000000e+02
2.734999999999999654e-01 5.390000000000000000e+02
2.744999999999999662e-01 3.550000000000000000e+02
2.754999999999999671e-01 2.730000000000000000e+02
2.764999999999999680e-01 1.930000000000000000e+02
2.774999999999999689e-01 2.330000000000000000e+02
2.784999999999999698e-01 2.030000000000000000e+02
2.794999999999999707e-01 1.850000000000000000e+02
2.804999999999999716e-01 6.960000000000000000e+02
2.814999999999999725e-01 3.230000000000000000e+02
2.824999999999999734e-01 5.430000000000000000e+02
2.834999999999999742e-01 5.250000000000000000e+02
2.844999999999999751e-01 1.058000000000000000e+03
2.854999999999999760e-01 1.900000000000000000e+02
2.864999999999999769e-01 7.670000000000000000e+02
2.874999999999999778e-01 1.766000000000000000e+03
2.884999999999999787e-01 4.000000000000000000e+02
2.894999999999999796e-01 3.740000000000000000e+02
2.904999999999999805e-01 9.420000000000000000e+02
2.914999999999999813e-01 4.130000000000000000e+02
2.924999999999999822e-01 8.940000000000000000e+02
2.934999999999999831e-01 8.350000000000000000e+02
2.944999999999999840e-01 3.130000000000000000e+02
2.954999999999999849e-01 2.290000000000000000e+02
2.964999999999999858e-01 2.460000000000000000e+02
2.974999999999999867e-01 1.240000000000000000e+02
2.984999999999999876e-01 1.110000000000000000e+02
2.994999999999999885e-01 1.020000000000000000e+02
3.004999999999999893e-01 3.045000000000000000e+03
