# Energy [MeV]	Counts
2.050000000000000086e-02 4.516000000000000000e+03
2.149999999999999828e-02 4.490000000000000000e+03
2.249999999999999917e-02 1.097000000000000000e+04
2.350000000000000006e-02 2.490000000000000000e+04
2.450000000000000094e-02 6.097000000000000000e+03
2.550000000000000183e-02 8.436000000000000000e+03
2.649999999999999925e-02 1.413300000000000000e+04
2.749999999999999667e-02 1.616100000000000000e+04
2.849999999999999756e-02 4.951000000000000000e+03
2.949999999999999845e-02 4.768000000000000000e+03
3.049999999999999933e-02 9.035000000000000000e+03
3.150000000000000022e-02 7.936000000000000000e+03
3.250000000000000111e-02 3.378000000000000000e+03
3.350000000000000200e-02 5.114000000000000000e+03
3.449999999999999595e-02 3.256000000000000000e+03
3.549999999999999684e-02 2.358000000000000000e+03
3.649999999999999772e-02 7.029000000000000000e+03
3.749999999999999167e-02 6.741000000000000000e+03
3.849999999999999256e-02 6.624000000000000000e+03
3.949999999999999345e-02 3.178000000000000000e+03
4.049999999999999434e-02 2.759000000000000000e+03
4.149999999999999523e-02 2.930000000000000000e+03
4.249999999999999611e-02 4.515000000000000000e+03
4.349999999999999700e-02 9.234000000000000000e+03
4.449999999999999789e-02 4.019000000000000000e+03
4.549999999999999878e-02 2.969000000000000000e+03
4.649999999999999967e-02 3.258000000000000000e+03
4.750000000000000056e-02 3.183000000000000000e+03
4.849999999999999450e-02 2.636000000000000000e+03
4.949999999999999539e-02 8.599000000000000000e+03
5.049999999999998934e-02 5.697000000000000000e+03
5.149999999999999023e-02 3.652000000000000000e+03
5.249999999999999112e-02 2.976000000000000000e+03
5.349999999999999201e-02 3.011000000000000000e+03
5.449999999999999289e-02 3.035000000000000000e+03
5.549999999999999378e-02 2.499000000000000000e+03
5.649999999999999467e-02 7.575000000000000000e+03
5.749999999999999556e-02 6.749000000000000000e+03
5.849999999999999645e-02 2.994000000000000000e+03
5.949999999999999734e-02 3.223000000000000000e+03
6.049999999999999822e-02 3.788000000000000000e+03
6.149999999999999217e-02 2.646000000000000000e+03
6.249999999999998612e-02 2.456000000000000000e+03
6.349999999999998701e-02 6.120000000000000000e+03
6.449999999999998790e-02 9.967000000000000000e+03
6.549999999999998879e-02 3.916000000000000000e+03
6.649999999999998967e-02 3.235000000000000000e+03
6.749999999999999056e-02 3.365000000000000000e+03
6.849999999999999145e-02 5.325000000000000000e+03
6.949999999999999234e-02 9.413000000000000000e+03
7.049999999999999323e-02 5.724000000000000000e+03
7.149999999999999412e-02 1.270500000000000000e+04
7.249999999999999500e-02 2.768300000000000000e+04
7.349999999999999589e-02 2.077000000000000000e+04
7.449999999999998290e-02 1.326600000000000000e+04
7.549999999999998379e-02 6.780000000000000000e+03
7.649999999999998468e-02 3.655500000000000000e+04
7.749999999999998557e-02 4.652500000000000000e+04
7.849999999999998646e-02 1.608700000000000000e+04
7.949999999999998734e-02 9.526000000000000000e+03
8.049999999999998823e-02 8.113000000000000000e+03
8.149999999999998912e-02 8.635000000000000000e+03
8.249999999999999001e-02 6.298000000000000000e+03
8.349999999999999090e-02 1.031000000000000000e+04
8.449999999999999178e-02 1.174900000000000000e+04
8.549999999999999267e-02 6.485000000000000000e+03
8.649999999999999356e-02 6.683000000000000000e+03
8.749999999999999445e-02 6.714000000000000000e+03
8.849999999999999534e-02 6.445000000000000000e+03
8.949999999999999623e-02 1.453400000000000000e+04
9.049999999999999711e-02 1.026200000000000000e+04
9.149999999999998412e-02 7.307000000000000000e+03
9.249999999999998501e-02 7.847000000000000000e+03
9.349999999999998590e-02 1.220000000000000000e+04
9.449999999999998679e-02 1.521700000000000000e+04
9.549999999999998768e-02 1.274600000000000000e+04
9.649999999999998856e-02 8.172000000000000000e+03
9.749999999999998945e-02 2.069800000000000000e+04
9.849999999999999034e-02 1.049300000000000000e+04
9.949999999999999123e-02 2.059200000000000000e+04
1.004999999999999921e-01 5.835560000000000000e+05
1.014999999999999930e-01 1.067110000000000000e+05
1.024999999999999939e-01 6.165600000000000000e+04
1.034999999999999809e-01 3.686400000000000000e+04
1.044999999999999818e-01 4.648400000000000000e+04
1.054999999999999827e-01 2.963800000000000000e+04
1.064999999999999836e-01 2.084000000000000000e+04
1.074999999999999845e-01 2.469900000000000000e+04
1.084999999999999853e-01 1.742900000000000000e+04
1.094999999999999862e-01 2.014900000000000000e+04
1.104999999999999871e-01 2.133200000000000000e+04
1.114999999999999880e-01 1.513200000000000000e+04
1.124999999999999889e-01 1.525700000000000000e+04
1.134999999999999898e-01 1.445300000000000000e+04
1.144999999999999907e-01 1.683800000000000000e+04
1.154999999999999916e-01 2.839900000000000000e+04
1.164999999999999786e-01 1.709200000000000000e+04
1.174999999999999795e-01 1.938300000000000000e+04
1.184999999999999803e-01 1.989800000000000000e+04
1.194999999999999812e-01 1.729200000000000000e+04
1.204999999999999821e-01 1.998900000000000000e+04
1.214999999999999830e-01 3.154100000000000000e+04
1.224999999999999839e-01 2.257800000000000000e+04
1.234999999999999848e-01 1.963900000000000000e+04
1.244999999999999857e-01 1.413200000000000000e+04
1.254999999999999727e-01 1.497500000000000000e+04
1.264999999999999736e-01 1.465300000000000000e+04
1.274999999999999745e-01 1.376900000000000000e+04
1.284999999999999754e-01 1.966200000000000000e+04
1.294999999999999762e-01 1.211300000000000000e+04
1.304999999999999771e-01 1.090100000000000000e+04
1.314999999999999780e-01 1.127000000000000000e+04
1.324999999999999789e-01 8.917000000000000000e+03
1.334999999999999798e-01 1.315800000000000000e+04
1.344999999999999807e-01 1.093400000000000000e+04
1.354999999999999816e-01 2.041800000000000000e+04
1.364999999999999825e-01 1.313000000000000000e+04
1.374999999999999833e-01 1.029500000000000000e+04
1.384999999999999842e-01 1.201700000000000000e+04
1.394999999999999851e-01 9.912000000000000000e+03
1.404999999999999860e-01 9.288000000000000000e+03
1.414999999999999591e-01 9.443000000000000000e+03
1.424999999999999600e-01 1.733700000000000000e+04
1.434999999999999609e-01 9.041000000000000000e+03
1.444999999999999618e-01 1.131300000000000000e+04
1.454999999999999627e-01 8.410000000000000000e+03
1.464999999999999636e-01 8.976000000000000000e+03
1.474999999999999645e-01 9.036000000000000000e+03
1.484999999999999654e-01 8.231000000000000000e+03
1.494999999999999662e-01 2.659600000000000000e+04
1.504999999999999671e-01 1.183600000000000000e+04
1.514999999999999680e-01 1.408300000000000000e+04
1.524999999999999689e-01 8.869000000000000000e+03
1.534999999999999698e-01 7.613000000000000000e+03
1.544999999999999707e-01 1.294000000000000000e+04
1.554999999999999716e-01 2.004200000000000000e+04
1.564999999999999725e-01 1.408000000000000000e+04
1.574999999999999734e-01 1.134500000000000000e+04
1.584999999999999742e-01 1.394000000000000000e+04
1.594999999999999751e-01 1.244400000000000000e+04
1.604999999999999760e-01 1.045800000000000000e+04
1.614999999999999492e-01 9.957000000000000000e+03
1.624999999999999500e-01 1.897600000000000000e+04
1.634999999999999509e-01 1.373700000000000000e+04
1.644999999999999518e-01 1.018300000000000000e+04
1.654999999999999527e-01 1.003100000000000000e+04
1.664999999999999536e-01 1.826700000000000000e+04
1.674999999999999545e-01 1.078800000000000000e+04
1.684999999999999554e-01 1.715400000000000000e+04
1.694999999999999563e-01 1.593800000000000000e+04
1.704999999999999571e-01 1.399700000000000000e+04
1.714999999999999580e-01 1.304400000000000000e+04
1.724999999999999589e-01 1.476100000000000000e+04
1.734999999999999598e-01 2.266900000000000000e+04
1.744999999999999607e-01 2.262900000000000000e+04
1.754999999999999616e-01 1.408700000000000000e+04
1.764999999999999625e-01 1.245300000000000000e+04
1.774999999999999634e-01 1.276100000000000000e+04
1.784999999999999643e-01 1.273200000000000000e+04
1.794999999999999651e-01 3.311300000000000000e+04
1.804999999999999660e-01 1.160600000000000000e+04
1.814999999999999669e-01 9.116000000000000000e+03
1.824999999999999678e-01 9.891000000000000000e+03
1.834999999999999687e-01 2.554000000000000000e+04
1.844999999999999696e-01 1.801900000000000000e+04
1.854999999999999705e-01 9.248000000000000000e+03
1.864999999999999436e-01 9.433000000000000000e+03
1.874999999999999445e-01 2.810200000000000000e+04
1.884999999999999454e-01 2.771900000000000000e+04
1.894999999999999463e-01 1.558800000000000000e+04
1.904999999999999472e-01 8.619000000000000000e+03
1.914999999999999480e-01 2.914200000000000000e+04
1.924999999999999489e-01 1.169700000000000000e+04
1.934999999999999498e-01 1.489700000000000000e+04
1.944999999999999507e-01 2.063500000000000000e+04
1.954999999999999516e-01 1.189300000000000000e+04
1.964999999999999525e-01 3.114400000000000000e+04
1.974999999999999534e-01 1.656900000000000000e+04
1.984999999999999543e-01 1.616800000000000000e+04
1.994999999999999551e-01 2.080900000000000000e+04
2.004999999999999560e-01 2.052700000000000000e+04
2.014999999999999569e-01 1.452500000000000000e+04
2.024999999999999578e-01 9.715000000000000000e+03
2.034999999999999587e-01 9.038000000000000000e+03
2.044999999999999596e-01 8.944000000000000000e+03
2.054999999999999605e-01 7.716000000000000000e+03
2.064999999999999614e-01 6.976000000000000000e+03
2.074999999999999623e-01 6.858000000000000000e+03
2.084999999999999631e-01 6.009000000000000000e+03
2.094999999999999640e-01 6.396000000000000000e+03
2.104999999999999649e-01 6.828000000000000000e+03
2.114999999999999658e-01 6.064000000000000000e+03
2.124999999999999389e-01 5.300000000000000000e+03
2.134999999999999398e-01 5.866000000000000000e+03
2.144999999999999407e-01 8.154000000000000000e+03
2.154999999999999416e-01 6.854000000000000000e+03
2.164999999999999425e-01 5.699000000000000000e+03
2.174999999999999434e-01 4.964000000000000000e+03
2.184999999999999443e-01 4.698000000000000000e+03
2.194999999999999452e-01 4.709000000000000000e+03
2.204999999999999460e-01 4.388000000000000000e+03
2.214999999999999469e-01 5.229000000000000000e+03
2.224999999999999478e-01 4.535000000000000000e+03
2.234999999999999487e-01 3.902000000000000000e+03
2.244999999999999496e-01 3.818000000000000000e+03
2.254999999999999505e-01 4.599000000000000000e+03
2.264999999999999514e-01 4.260000000000000000e+03
2.274999999999999523e-01 4.882000000000000000e+03
2.284999999999999531e-01 4.728000000000000000e+03
2.294999999999999540e-01 3.959000000000000000e+03
2.304999999999999549e-01 4.253000000000000000e+03
2.314999999999999558e-01 3.765000000000000000e+03
2.324999999999999567e-01 6.027000000000000000e+03
2.334999999999999576e-01 4.392000000000000000e+03
2.344999999999999585e-01 4.644000000000000000e+03
2.354999999999999594e-01 4.624000000000000000e+03
2.364999999999999603e-01 3.997000000000000000e+03
2.374999999999999334e-01 3.876000000000000000e+03
2.384999999999999343e-01 4.254000000000000000e+03
2.394999999999999352e-01 3.264000000000000000e+03
2.404999999999999361e-01 2.878000000000000000e+03
2.414999999999999369e-01 4.112000000000000000e+03
2.424999999999999378e-01 4.557000000000000000e+03
2.434999999999999387e-01 3.167000000000000000e+03
2.444999999999999396e-01 3.297000000000000000e+03
2.454999999999999405e-01 2.983000000000000000e+03
2.464999999999999414e-01 2.926000000000000000e+03
2.474999999999999423e-01 3.628000000000000000e+03
2.484999999999999432e-01 5.619000000000000000e+03
2.494999999999999440e-01 6.178000000000000000e+03
2.504999999999999449e-01 4.465000000000000000e+03
2.514999999999999458e-01 3.943000000000000000e+03
2.524999999999999467e-01 3.669000000000000000e+03
2.534999999999999476e-01 3.646000000000000000e+03
2.544999999999999485e-01 3.700000000000000000e+03
2.554999999999999494e-01 5.591000000000000000e+03
2.564999999999999503e-01 3.918000000000000000e+03
2.574999999999999512e-01 3.423000000000000000e+03
2.584999999999999520e-01 3.348000000000000000e+03
2.594999999999999529e-01 3.328000000000000000e+03
2.604999999999999538e-01 2.835000000000000000e+03
2.614999999999999547e-01 2.791000000000000000e+03
2.624999999999999556e-01 2.953000000000000000e+03
2.634999999999999565e-01 2.642000000000000000e+03
2.644999999999999574e-01 2.024000000000000000e+03
2.654999999999999583e-01 2.838000000000000000e+03
2.664999999999999591e-01 3.079000000000000000e+03
2.674999999999999600e-01 2.480000000000000000e+03
2.684999999999999609e-01 2.280000000000000000e+03
2.694999999999999618e-01 2.773000000000000000e+03
2.704999999999999627e-01 2.219000000000000000e+03
2.714999999999999636e-01 2.190000000000000000e+03
2.724999999999999645e-01 3.955000000000000000e+03
2.734999999999999654e-01 4.730000000000000000e+03
2.744999999999999662e-01 2.585000000000000000e+03
2.754999999999999671e-01 2.819000000000000000e+03
2.764999999999999680e-01 2.299000000000000000e+03
2.774999999999999689e-01 2.655000000000000000e+03
2.784999999999999698e-01 4.669000000000000000e+03
2.794999999999999707e-01 3.021000000000000000e+03
2.804999999999999716e-01 2.078000000000000000e+03
2.814999999999999725e-01 1.965000000000000000e+03
2.824999999999999734e-01 2.051000000000000000e+03
2.834999999999999742e-01 3.533000000000000000e+03
2.844999999999999751e-01 3.501000000000000000e+03
2.854999999999999760e-01 1.438000000000000000e+03
2.864999999999999769e-01 1.877000000000000000e+03
2.874999999999999778e-01 2.130000000000000000e+03
2.884999999999999787e-01 2.429000000000000000e+03
2.894999999999999796e-01 1.557000000000000000e+03
2.904999999999999805e-01 1.679000000000000000e+03
2.914999999999999813e-01 1.493000000000000000e+03
2.924999999999999822e-01 1.452000000000000000e+03
2.934999999999999831e-01 1.665000000000000000e+03
2.944999999999999840e-01 1.395000000000000000e+03
2.954999999999999849e-01 1.579000000000000000e+03
2.964999999999999858e-01 1.688000000000000000e+03
2.974999999999999867e-01 1.165000000000000000e+03
2.984999999999999876e-01 1.223000000000000000e+03
2.994999999999999885e-01 1.075000000000000000e+03
3.004999999999999893e-01 3.921000000000000000e+04
