# Energy [MeV]	Counts
2.050000000000000086e-02 1.150500000000000000e+04
2.149999999999999828e-02 1.164000000000000000e+04
2.249999999999999917e-02 2.646000000000000000e+05
2.350000000000000006e-02 5.007720000000000000e+05
2.450000000000000094e-02 1.760700000000000000e+04
2.550000000000000183e-02 1.893600000000000000e+04
2.649999999999999925e-02 1.971530000000000000e+05
2.749999999999999667e-02 2.785560000000000000e+05
2.849999999999999756e-02 1.420500000000000000e+04
2.949999999999999845e-02 1.241200000000000000e+04
3.049999999999999933e-02 6.570500000000000000e+04
3.150000000000000022e-02 2.719300000000000000e+04
3.250000000000000111e-02 5.432000000000000000e+03
3.350000000000000200e-02 4.151000000000000000e+03
3.449999999999999595e-02 9.128000000000000000e+03
3.549999999999999684e-02 3.726000000000000000e+03
3.649999999999999772e-02 7.788000000000000000e+03
3.749999999999999167e-02 2.329000000000000000e+04
3.849999999999999256e-02 5.722000000000000000e+03
3.949999999999999345e-02 2.454000000000000000e+03
4.049999999999999434e-02 1.733000000000000000e+03
4.149999999999999523e-02 3.354000000000000000e+03
4.249999999999999611e-02 1.011500000000000000e+04
4.349999999999999700e-02 5.927000000000000000e+03
4.449999999999999789e-02 4.542000000000000000e+03
4.549999999999999878e-02 2.985000000000000000e+03
4.649999999999999967e-02 3.324000000000000000e+03
4.750000000000000056e-02 2.509000000000000000e+03
4.849999999999999450e-02 3.208000000000000000e+03
4.949999999999999539e-02 4.637000000000000000e+03
5.049999999999998934e-02 1.540200000000000000e+04
5.149999999999999023e-02 6.283000000000000000e+03
5.249999999999999112e-02 3.358000000000000000e+03
5.349999999999999201e-02 3.152000000000000000e+03
5.449999999999999289e-02 3.109000000000000000e+03
5.549999999999999378e-02 3.835000000000000000e+03
5.649999999999999467e-02 3.861000000000000000e+03
5.749999999999999556e-02 5.530000000000000000e+03
5.849999999999999645e-02 5.024000000000000000e+03
5.949999999999999734e-02 4.038000000000000000e+03
6.049999999999999822e-02 3.322000000000000000e+03
6.149999999999999217e-02 3.199000000000000000e+03
6.249999999999998612e-02 6.540000000000000000e+03
6.349999999999998701e-02 5.641000000000000000e+03
6.449999999999998790e-02 5.039000000000000000e+03
6.549999999999998879e-02 8.198000000000000000e+03
6.649999999999998967e-02 1.166600000000000000e+04
6.749999999999999056e-02 4.417000000000000000e+03
6.849999999999999145e-02 2.527500000000000000e+04
6.949999999999999234e-02 8.873500000000000000e+04
7.049999999999999323e-02 5.110000000000000000e+03
7.149999999999999412e-02 6.427000000000000000e+03
7.249999999999999500e-02 3.738740000000000000e+05
7.349999999999999589e-02 1.859020000000000000e+05
7.449999999999998290e-02 1.765500000000000000e+04
7.549999999999998379e-02 8.157000000000000000e+03
7.649999999999998468e-02 4.824970000000000000e+05
7.749999999999998557e-02 2.586140000000000000e+05
7.849999999999998646e-02 8.857000000000000000e+03
7.949999999999998734e-02 7.710000000000000000e+03
8.049999999999998823e-02 9.177000000000000000e+03
8.149999999999998912e-02 6.566000000000000000e+03
8.249999999999999001e-02 5.949000000000000000e+03
8.349999999999999090e-02 3.154400000000000000e+04
8.449999999999999178e-02 8.112000000000000000e+03
8.549999999999999267e-02 5.971000000000000000e+03
8.649999999999999356e-02 7.700000000000000000e+03
8.749999999999999445e-02 6.438000000000000000e+03
8.849999999999999534e-02 6.592000000000000000e+03
8.949999999999999623e-02 8.331000000000000000e+03
9.049999999999999711e-02 7.076000000000000000e+03
9.149999999999998412e-02 1.018700000000000000e+04
9.249999999999998501e-02 1.283700000000000000e+04
9.349999999999998590e-02 8.519000000000000000e+03
9.449999999999998679e-02 1.282200000000000000e+04
9.549999999999998768e-02 3.844800000000000000e+04
9.649999999999998856e-02 7.307000000000000000e+03
9.749999999999998945e-02 1.039100000000000000e+04
9.849999999999999034e-02 1.114500000000000000e+04
9.949999999999999123e-02 8.660000000000000000e+03
1.004999999999999921e-01 2.575773000000000000e+06
1.014999999999999930e-01 6.012000000000000000e+03
1.024999999999999939e-01 4.389000000000000000e+03
1.034999999999999809e-01 8.472000000000000000e+03
1.044999999999999818e-01 5.036000000000000000e+03
1.054999999999999827e-01 3.079000000000000000e+03
1.064999999999999836e-01 1.536900000000000000e+04
1.074999999999999845e-01 9.868000000000000000e+03
1.084999999999999853e-01 1.911000000000000000e+03
1.094999999999999862e-01 3.250000000000000000e+03
1.104999999999999871e-01 1.801000000000000000e+03
1.114999999999999880e-01 1.173000000000000000e+03
1.124999999999999889e-01 3.520000000000000000e+03
1.134999999999999898e-01 3.719000000000000000e+03
1.144999999999999907e-01 1.640000000000000000e+03
1.154999999999999916e-01 6.398000000000000000e+03
1.164999999999999786e-01 1.585000000000000000e+03
1.174999999999999795e-01 9.287000000000000000e+03
1.184999999999999803e-01 3.523000000000000000e+03
1.194999999999999812e-01 2.053000000000000000e+03
1.204999999999999821e-01 4.088000000000000000e+03
1.214999999999999830e-01 6.518000000000000000e+03
1.224999999999999839e-01 8.470000000000000000e+02
1.234999999999999848e-01 1.786000000000000000e+03
1.244999999999999857e-01 2.394000000000000000e+03
1.254999999999999727e-01 7.636000000000000000e+03
1.264999999999999736e-01 4.056000000000000000e+03
1.274999999999999745e-01 9.387000000000000000e+03
1.284999999999999754e-01 6.362000000000000000e+03
1.294999999999999762e-01 5.100000000000000000e+02
1.304999999999999771e-01 8.090000000000000000e+02
1.314999999999999780e-01 4.580000000000000000e+02
1.324999999999999789e-01 2.940000000000000000e+02
1.334999999999999798e-01 1.531000000000000000e+03
1.344999999999999807e-01 1.104000000000000000e+03
1.354999999999999816e-01 5.010000000000000000e+02
1.364999999999999825e-01 3.660000000000000000e+02
1.374999999999999833e-01 2.334000000000000000e+03
1.384999999999999842e-01 8.790000000000000000e+02
1.394999999999999851e-01 8.440000000000000000e+02
1.404999999999999860e-01 2.740000000000000000e+02
1.414999999999999591e-01 1.539000000000000000e+03
1.424999999999999600e-01 2.445900000000000000e+04
1.434999999999999609e-01 2.820000000000000000e+02
1.444999999999999618e-01 2.740000000000000000e+02
1.454999999999999627e-01 2.150000000000000000e+02
1.464999999999999636e-01 2.250000000000000000e+02
1.474999999999999645e-01 2.300000000000000000e+02
1.484999999999999654e-01 2.100000000000000000e+02
1.494999999999999662e-01 3.240000000000000000e+02
1.504999999999999671e-01 2.440000000000000000e+02
1.514999999999999680e-01 8.450000000000000000e+02
1.524999999999999689e-01 4.430000000000000000e+02
1.534999999999999698e-01 2.040000000000000000e+02
1.544999999999999707e-01 2.247000000000000000e+03
1.554999999999999716e-01 2.669000000000000000e+03
1.564999999999999725e-01 1.367000000000000000e+03
1.574999999999999734e-01 2.190000000000000000e+02
1.584999999999999742e-01 8.469000000000000000e+03
1.594999999999999751e-01 2.056000000000000000e+03
1.604999999999999760e-01 1.866000000000000000e+03
1.614999999999999492e-01 2.340000000000000000e+02
1.624999999999999500e-01 8.480000000000000000e+03
1.634999999999999509e-01 2.520000000000000000e+02
1.644999999999999518e-01 1.500000000000000000e+02
1.654999999999999527e-01 1.700000000000000000e+02
1.664999999999999536e-01 2.180000000000000000e+02
1.674999999999999545e-01 1.700000000000000000e+02
1.684999999999999554e-01 2.140000000000000000e+02
1.694999999999999563e-01 1.590000000000000000e+02
1.704999999999999571e-01 1.320000000000000000e+02
1.714999999999999580e-01 2.090000000000000000e+02
1.724999999999999589e-01 2.120000000000000000e+02
1.734999999999999598e-01 2.400000000000000000e+02
1.744999999999999607e-01 2.020000000000000000e+02
1.754999999999999616e-01 3.180000000000000000e+02
1.764999999999999625e-01 2.370000000000000000e+02
1.774999999999999634e-01 1.640000000000000000e+02
1.784999999999999643e-01 1.460000000000000000e+02
1.794999999999999651e-01 1.030500000000000000e+04
1.804999999999999660e-01 9.600000000000000000e+01
1.814999999999999669e-01 1.150000000000000000e+02
1.824999999999999678e-01 1.790000000000000000e+02
1.834999999999999687e-01 1.455400000000000000e+04
1.844999999999999696e-01 8.500000000000000000e+01
1.854999999999999705e-01 8.000000000000000000e+01
1.864999999999999436e-01 7.600000000000000000e+01
1.874999999999999445e-01 2.040000000000000000e+02
1.884999999999999454e-01 6.300000000000000000e+01
1.894999999999999463e-01 4.500000000000000000e+01
1.904999999999999472e-01 5.600000000000000000e+01
1.914999999999999480e-01 9.800000000000000000e+01
1.924999999999999489e-01 5.200000000000000000e+01
1.934999999999999498e-01 3.800000000000000000e+01
1.944999999999999507e-01 1.350000000000000000e+02
1.954999999999999516e-01 2.300000000000000000e+01
1.964999999999999525e-01 8.000000000000000000e+01
1.974999999999999534e-01 2.000000000000000000e+01
1.984999999999999543e-01 7.100000000000000000e+01
1.994999999999999551e-01 6.800000000000000000e+01
2.004999999999999560e-01 3.400000000000000000e+01
2.014999999999999569e-01 1.800000000000000000e+01
2.024999999999999578e-01 1.600000000000000000e+01
2.034999999999999587e-01 7.000000000000000000e+00
2.044999999999999596e-01 4.000000000000000000e+01
2.054999999999999605e-01 1.000000000000000000e+01
2.064999999999999614e-01 1.800000000000000000e+01
2.074999999999999623e-01 9.000000000000000000e+00
2.084999999999999631e-01 1.000000000000000000e+01
2.094999999999999640e-01 4.000000000000000000e+00
2.104999999999999649e-01 6.000000000000000000e+00
2.114999999999999658e-01 8.000000000000000000e+00
2.124999999999999389e-01 2.000000000000000000e+00
2.134999999999999398e-01 4.000000000000000000e+00
2.144999999999999407e-01 1.000000000000000000e+01
2.154999999999999416e-01 6.000000000000000000e+00
2.164999999999999425e-01 5.000000000000000000e+00
2.174999999999999434e-01 4.000000000000000000e+00
2.184999999999999443e-01 5.000000000000000000e+00
2.194999999999999452e-01 2.000000000000000000e+00
2.204999999999999460e-01 6.000000000000000000e+00
2.214999999999999469e-01 3.000000000000000000e+00
2.224999999999999478e-01 1.000000000000000000e+00
2.234999999999999487e-01 5.000000000000000000e+00
2.244999999999999496e-01 4.000000000000000000e+00
2.254999999999999505e-01 6.000000000000000000e+00
2.264999999999999514e-01 6.000000000000000000e+00
2.274999999999999523e-01 7.000000000000000000e+00
2.284999999999999531e-01 6.000000000000000000e+00
2.294999999999999540e-01 2.000000000000000000e+00
2.304999999999999549e-01 3.000000000000000000e+00
2.314999999999999558e-01 3.000000000000000000e+00
2.324999999999999567e-01 2.000000000000000000e+00
2.334999999999999576e-01 1.000000000000000000e+00
2.344999999999999585e-01 6.000000000000000000e+00
2.354999999999999594e-01 4.000000000000000000e+00
2.364999999999999603e-01 6.000000000000000000e+00
2.374999999999999334e-01 5.000000000000000000e+00
2.384999999999999343e-01 1.000000000000000000e+00
2.394999999999999352e-01 2.000000000000000000e+00
2.404999999999999361e-01 2.000000000000000000e+00
2.414999999999999369e-01 9.000000000000000000e+00
2.424999999999999378e-01 8.000000000000000000e+00
2.434999999999999387e-01 4.000000000000000000e+00
2.444999999999999396e-01 8.000000000000000000e+00
2.454999999999999405e-01 4.000000000000000000e+00
2.464999999999999414e-01 2.000000000000000000e+00
2.474999999999999423e-01 2.000000000000000000e+00
2.484999999999999432e-01 2.000000000000000000e+00
2.494999999999999440e-01 3.000000000000000000e+00
2.504999999999999449e-01 2.000000000000000000e+00
2.514999999999999458e-01 3.000000000000000000e+00
2.524999999999999467e-01 5.000000000000000000e+00
2.534999999999999476e-01 1.000000000000000000e+00
2.544999999999999485e-01 2.000000000000000000e+00
2.554999999999999494e-01 2.000000000000000000e+00
2.564999999999999503e-01 5.000000000000000000e+00
2.574999999999999512e-01 1.000000000000000000e+00
2.584999999999999520e-01 0.000000000000000000e+00
2.594999999999999529e-01 0.000000000000000000e+00
2.604999999999999538e-01 1.000000000000000000e+00
2.614999999999999547e-01 0.000000000000000000e+00
2.624999999999999556e-01 0.000000000000000000e+00
2.634999999999999565e-01 0.000000000000000000e+00
2.644999999999999574e-01 0.000000000000000000e+00
2.654999999999999583e-01 1.000000000000000000e+00
2.664999999999999591e-01 0.000000000000000000e+00
2.674999999999999600e-01 1.000000000000000000e+00
2.684999999999999609e-01 0.000000000000000000e+00
2.694999999999999618e-01 0.000000000000000000e+00
2.704999999999999627e-01 0.000000000000000000e+00
2.714999999999999636e-01 0.000000000000000000e+00
2.724999999999999645e-01 1.000000000000000000e+00
2.734999999999999654e-01 0.000000000000000000e+00
2.744999999999999662e-01 0.000000000000000000e+00
2.754999999999999671e-01 3.000000000000000000e+00
2.764999999999999680e-01 0.000000000000000000e+00
2.774999999999999689e-01 0.000000000000000000e+00
2.784999999999999698e-01 0.000000000000000000e+00
2.794999999999999707e-01 0.000000000000000000e+00
2.804999999999999716e-01 0.000000000000000000e+00
2.814999999999999725e-01 0.000000000000000000e+00
2.824999999999999734e-01 0.000000000000000000e+00
2.834999999999999742e-01 0.000000000000000000e+00
2.844999999999999751e-01 0.000000000000000000e+00
2.854999999999999760e-01 0.000000000000000000e+00
2.864999999999999769e-01 0.000000000000000000e+00
2.874999999999999778e-01 0.000000000000000000e+00
2.884999999999999787e-01 0.000000000000000000e+00
2.894999999999999796e-01 0.000000000000000000e+00
2.904999999999999805e-01 0.000000000000000000e+00
2.914999999999999813e-01 0.000000000000000000e+00
2.924999999999999822e-01 0.000000000000000000e+00
2.934999999999999831e-01 0.000000000000000000e+00
2.944999999999999840e-01 0.000000000000000000e+00
2.954999999999999849e-01 0.000000000000000000e+00
2.964999999999999858e-01 0.000000000000000000e+00
2.974999999999999867e-01 0.000000000000000000e+00
2.984999999999999876e-01 0.000000000000000000e+00
2.994999999999999885e-01 0.000000000000000000e+00
3.004999999999999893e-01 0.000000000000000000e+00
