# Energy [MeV]	Counts
2.050000000000000086e-02 4.280000000000000000e+02
2.149999999999999828e-02 5.800000000000000000e+02
2.249999999999999917e-02 5.550000000000000000e+02
2.350000000000000006e-02 1.300000000000000000e+03
2.450000000000000094e-02 4.520000000000000000e+02
2.550000000000000183e-02 8.200000000000000000e+02
2.649999999999999925e-02 9.550000000000000000e+02
2.749999999999999667e-02 1.066000000000000000e+03
2.849999999999999756e-02 4.540000000000000000e+02
2.949999999999999845e-02 5.780000000000000000e+02
3.049999999999999933e-02 8.600000000000000000e+02
3.150000000000000022e-02 9.730000000000000000e+02
3.250000000000000111e-02 5.090000000000000000e+02
3.350000000000000200e-02 5.360000000000000000e+02
3.449999999999999595e-02 4.300000000000000000e+02
3.549999999999999684e-02 3.920000000000000000e+02
3.649999999999999772e-02 8.730000000000000000e+02
3.749999999999999167e-02 9.610000000000000000e+02
3.849999999999999256e-02 5.930000000000000000e+02
3.949999999999999345e-02 4.760000000000000000e+02
4.049999999999999434e-02 3.620000000000000000e+02
4.149999999999999523e-02 4.160000000000000000e+02
4.249999999999999611e-02 5.170000000000000000e+02
4.349999999999999700e-02 1.315000000000000000e+03
4.449999999999999789e-02 7.330000000000000000e+02
4.549999999999999878e-02 5.380000000000000000e+02
4.649999999999999967e-02 5.110000000000000000e+02
4.750000000000000056e-02 4.740000000000000000e+02
4.849999999999999450e-02 4.200000000000000000e+02
4.949999999999999539e-02 9.510000000000000000e+02
5.049999999999998934e-02 9.770000000000000000e+02
5.149999999999999023e-02 8.130000000000000000e+02
5.249999999999999112e-02 6.190000000000000000e+02
5.349999999999999201e-02 5.560000000000000000e+02
5.449999999999999289e-02 5.640000000000000000e+02
5.549999999999999378e-02 4.210000000000000000e+02
5.649999999999999467e-02 1.014000000000000000e+03
5.749999999999999556e-02 1.104000000000000000e+03
5.849999999999999645e-02 7.840000000000000000e+02
5.949999999999999734e-02 6.100000000000000000e+02
6.049999999999999822e-02 6.190000000000000000e+02
6.149999999999999217e-02 5.720000000000000000e+02
6.249999999999998612e-02 5.020000000000000000e+02
6.349999999999998701e-02 1.100000000000000000e+03
6.449999999999998790e-02 1.284000000000000000e+03
6.549999999999998879e-02 8.100000000000000000e+02
6.649999999999998967e-02 7.290000000000000000e+02
6.749999999999999056e-02 6.800000000000000000e+02
6.849999999999999145e-02 8.080000000000000000e+02
6.949999999999999234e-02 1.095000000000000000e+03
7.049999999999999323e-02 8.270000000000000000e+02
7.149999999999999412e-02 1.639000000000000000e+03
7.249999999999999500e-02 2.463000000000000000e+03
7.349999999999999589e-02 2.073000000000000000e+03
7.449999999999998290e-02 1.748000000000000000e+03
7.549999999999998379e-02 1.160000000000000000e+03
7.649999999999998468e-02 2.892000000000000000e+03
7.749999999999998557e-02 4.580000000000000000e+03
7.849999999999998646e-02 2.204000000000000000e+03
7.949999999999998734e-02 1.598000000000000000e+03
8.049999999999998823e-02 1.348000000000000000e+03
8.149999999999998912e-02 1.522000000000000000e+03
8.249999999999999001e-02 1.445000000000000000e+03
8.349999999999999090e-02 1.758000000000000000e+03
8.449999999999999178e-02 2.113000000000000000e+03
8.549999999999999267e-02 1.506000000000000000e+03
8.649999999999999356e-02 1.328000000000000000e+03
8.749999999999999445e-02 1.353000000000000000e+03
8.849999999999999534e-02 1.460000000000000000e+03
8.949999999999999623e-02 2.563000000000000000e+03
9.049999999999999711e-02 2.171000000000000000e+03
9.149999999999998412e-02 1.648000000000000000e+03
9.249999999999998501e-02 1.544000000000000000e+03
9.349999999999998590e-02 2.178000000000000000e+03
9.449999999999998679e-02 2.685000000000000000e+03
9.549999999999998768e-02 2.218000000000000000e+03
9.649999999999998856e-02 1.648000000000000000e+03
9.749999999999998945e-02 3.780000000000000000e+03
9.849999999999999034e-02 2.089000000000000000e+03
9.949999999999999123e-02 3.749000000000000000e+03
1.004999999999999921e-01 8.884900000000000000e+04
1.014999999999999930e-01 1.705700000000000000e+04
1.024999999999999939e-01 1.289500000000000000e+04
1.034999999999999809e-01 8.592000000000000000e+03
1.044999999999999818e-01 1.166400000000000000e+04
1.054999999999999827e-01 9.920000000000000000e+03
1.064999999999999836e-01 7.886000000000000000e+03
1.074999999999999845e-01 8.494000000000000000e+03
1.084999999999999853e-01 7.058000000000000000e+03
1.094999999999999862e-01 5.879000000000000000e+03
1.104999999999999871e-01 8.186000000000000000e+03
1.114999999999999880e-01 6.983000000000000000e+03
1.124999999999999889e-01 5.967000000000000000e+03
1.134999999999999898e-01 5.303000000000000000e+03
1.144999999999999907e-01 5.607000000000000000e+03
1.154999999999999916e-01 8.594000000000000000e+03
1.164999999999999786e-01 6.647000000000000000e+03
1.174999999999999795e-01 6.315000000000000000e+03
1.184999999999999803e-01 5.712000000000000000e+03
1.194999999999999812e-01 5.497000000000000000e+03
1.204999999999999821e-01 6.539000000000000000e+03
1.214999999999999830e-01 1.077300000000000000e+04
1.224999999999999839e-01 7.892000000000000000e+03
1.234999999999999848e-01 7.511000000000000000e+03
1.244999999999999857e-01 6.267000000000000000e+03
1.254999999999999727e-01 6.230000000000000000e+03
1.264999999999999736e-01 6.143000000000000000e+03
1.274999999999999745e-01 6.267000000000000000e+03
1.284999999999999754e-01 1.170100000000000000e+04
1.294999999999999762e-01 6.633000000000000000e+03
1.304999999999999771e-01 5.790000000000000000e+03
1.314999999999999780e-01 5.930000000000000000e+03
1.324999999999999789e-01 5.198000000000000000e+03
1.334999999999999798e-01 6.200000000000000000e+03
1.344999999999999807e-01 6.300000000000000000e+03
1.354999999999999816e-01 1.571700000000000000e+04
1.364999999999999825e-01 9.583000000000000000e+03
1.374999999999999833e-01 7.429000000000000000e+03
1.384999999999999842e-01 6.876000000000000000e+03
1.394999999999999851e-01 7.086000000000000000e+03
1.404999999999999860e-01 5.636000000000000000e+03
1.414999999999999591e-01 6.391000000000000000e+03
1.424999999999999600e-01 1.194400000000000000e+04
1.434999999999999609e-01 7.224000000000000000e+03
1.444999999999999618e-01 7.437000000000000000e+03
1.454999999999999627e-01 6.921000000000000000e+03
1.464999999999999636e-01 6.098000000000000000e+03
1.474999999999999645e-01 7.264000000000000000e+03
1.484999999999999654e-01 6.190000000000000000e+03
1.494999999999999662e-01 1.035200000000000000e+04
1.504999999999999671e-01 7.284000000000000000e+03
1.514999999999999680e-01 6.961000000000000000e+03
1.524999999999999689e-01 6.224000000000000000e+03
1.534999999999999698e-01 5.634000000000000000e+03
1.544999999999999707e-01 7.521000000000000000e+03
1.554999999999999716e-01 8.864000000000000000e+03
1.564999999999999725e-01 7.674000000000000000e+03
1.574999999999999734e-01 7.743000000000000000e+03
1.584999999999999742e-01 7.243000000000000000e+03
1.594999999999999751e-01 6.653000000000000000e+03
1.604999999999999760e-01 6.349000000000000000e+03
1.614999999999999492e-01 6.827000000000000000e+03
1.624999999999999500e-01 1.295300000000000000e+04
1.634999999999999509e-01 8.308000000000000000e+03
1.644999999999999518e-01 8.163000000000000000e+03
1.654999999999999527e-01 7.260000000000000000e+03
1.664999999999999536e-01 7.150000000000000000e+03
1.674999999999999545e-01 6.698000000000000000e+03
1.684999999999999554e-01 1.064300000000000000e+04
1.694999999999999563e-01 8.548000000000000000e+03
1.704999999999999571e-01 7.682000000000000000e+03
1.714999999999999580e-01 7.829000000000000000e+03
1.724999999999999589e-01 8.509000000000000000e+03
1.734999999999999598e-01 9.387000000000000000e+03
1.744999999999999607e-01 8.662000000000000000e+03
1.754999999999999616e-01 9.006000000000000000e+03
1.764999999999999625e-01 8.532000000000000000e+03
1.774999999999999634e-01 7.536000000000000000e+03
1.784999999999999643e-01 7.259000000000000000e+03
1.794999999999999651e-01 1.380800000000000000e+04
1.804999999999999660e-01 8.891000000000000000e+03
1.814999999999999669e-01 7.432000000000000000e+03
1.824999999999999678e-01 8.037000000000000000e+03
1.834999999999999687e-01 1.200600000000000000e+04
1.844999999999999696e-01 9.958000000000000000e+03
1.854999999999999705e-01 8.381000000000000000e+03
1.864999999999999436e-01 9.005000000000000000e+03
1.874999999999999445e-01 9.317000000000000000e+03
1.884999999999999454e-01 1.071500000000000000e+04
1.894999999999999463e-01 9.588000000000000000e+03
1.904999999999999472e-01 7.764000000000000000e+03
1.914999999999999480e-01 1.168900000000000000e+04
1.924999999999999489e-01 1.004200000000000000e+04
1.934999999999999498e-01 8.862000000000000000e+03
1.944999999999999507e-01 1.440900000000000000e+04
1.954999999999999516e-01 1.133000000000000000e+04
1.964999999999999525e-01 1.345800000000000000e+04
1.974999999999999534e-01 1.119700000000000000e+04
1.984999999999999543e-01 1.407400000000000000e+04
1.994999999999999551e-01 1.794700000000000000e+04
2.004999999999999560e-01 1.450300000000000000e+04
2.014999999999999569e-01 1.208200000000000000e+04
2.024999999999999578e-01 1.130500000000000000e+04
2.034999999999999587e-01 1.044000000000000000e+04
2.044999999999999596e-01 9.493000000000000000e+03
2.054999999999999605e-01 9.867000000000000000e+03
2.064999999999999614e-01 9.562000000000000000e+03
2.074999999999999623e-01 1.017000000000000000e+04
2.084999999999999631e-01 8.975000000000000000e+03
2.094999999999999640e-01 9.259000000000000000e+03
2.104999999999999649e-01 1.134400000000000000e+04
2.114999999999999658e-01 9.457000000000000000e+03
2.124999999999999389e-01 8.336000000000000000e+03
2.134999999999999398e-01 7.994000000000000000e+03
2.144999999999999407e-01 1.073900000000000000e+04
2.154999999999999416e-01 1.095000000000000000e+04
2.164999999999999425e-01 8.464000000000000000e+03
2.174999999999999434e-01 8.719000000000000000e+03
2.184999999999999443e-01 9.250000000000000000e+03
2.194999999999999452e-01 9.156000000000000000e+03
2.204999999999999460e-01 9.606000000000000000e+03
2.214999999999999469e-01 9.221000000000000000e+03
2.224999999999999478e-01 1.043800000000000000e+04
2.234999999999999487e-01 8.176000000000000000e+03
2.244999999999999496e-01 8.871000000000000000e+03
2.254999999999999505e-01 9.055000000000000000e+03
2.264999999999999514e-01 8.805000000000000000e+03
2.274999999999999523e-01 8.565000000000000000e+03
2.284999999999999531e-01 1.100200000000000000e+04
2.294999999999999540e-01 8.235000000000000000e+03
2.304999999999999549e-01 9.420000000000000000e+03
2.314999999999999558e-01 8.349000000000000000e+03
2.324999999999999567e-01 9.479000000000000000e+03
2.334999999999999576e-01 9.455000000000000000e+03
2.344999999999999585e-01 9.904000000000000000e+03
2.354999999999999594e-01 9.877000000000000000e+03
2.364999999999999603e-01 9.050000000000000000e+03
2.374999999999999334e-01 8.623000000000000000e+03
2.384999999999999343e-01 9.099000000000000000e+03
2.394999999999999352e-01 8.186000000000000000e+03
2.404999999999999361e-01 8.160000000000000000e+03
2.414999999999999369e-01 8.419000000000000000e+03
2.424999999999999378e-01 8.800000000000000000e+03
2.434999999999999387e-01 8.063000000000000000e+03
2.444999999999999396e-01 7.680000000000000000e+03
2.454999999999999405e-01 7.332000000000000000e+03
2.464999999999999414e-01 7.217000000000000000e+03
2.474999999999999423e-01 7.031000000000000000e+03
2.484999999999999432e-01 7.682000000000000000e+03
2.494999999999999440e-01 7.475000000000000000e+03
2.504999999999999449e-01 7.121000000000000000e+03
2.514999999999999458e-01 6.921000000000000000e+03
2.524999999999999467e-01 6.417000000000000000e+03
2.534999999999999476e-01 6.630000000000000000e+03
2.544999999999999485e-01 6.778000000000000000e+03
2.554999999999999494e-01 7.559000000000000000e+03
2.564999999999999503e-01 6.656000000000000000e+03
2.574999999999999512e-01 6.638000000000000000e+03
2.584999999999999520e-01 6.437000000000000000e+03
2.594999999999999529e-01 6.428000000000000000e+03
2.604999999999999538e-01 6.790000000000000000e+03
2.614999999999999547e-01 6.984000000000000000e+03
2.624999999999999556e-01 6.375000000000000000e+03
2.634999999999999565e-01 6.280000000000000000e+03
2.644999999999999574e-01 6.304000000000000000e+03
2.654999999999999583e-01 6.035000000000000000e+03
2.664999999999999591e-01 6.134000000000000000e+03
2.674999999999999600e-01 5.747000000000000000e+03
2.684999999999999609e-01 5.916000000000000000e+03
2.694999999999999618e-01 5.977000000000000000e+03
2.704999999999999627e-01 6.008000000000000000e+03
2.714999999999999636e-01 6.350000000000000000e+03
2.724999999999999645e-01 5.627000000000000000e+03
2.734999999999999654e-01 5.578000000000000000e+03
2.744999999999999662e-01 5.352000000000000000e+03
2.754999999999999671e-01 6.504000000000000000e+03
2.764999999999999680e-01 5.594000000000000000e+03
2.774999999999999689e-01 6.023000000000000000e+03
2.784999999999999698e-01 6.089000000000000000e+03
2.794999999999999707e-01 6.362000000000000000e+03
2.804999999999999716e-01 5.196000000000000000e+03
2.814999999999999725e-01 5.201000000000000000e+03
2.824999999999999734e-01 5.199000000000000000e+03
2.834999999999999742e-01 5.851000000000000000e+03
2.844999999999999751e-01 5.367000000000000000e+03
2.854999999999999760e-01 5.246000000000000000e+03
2.864999999999999769e-01 5.212000000000000000e+03
2.874999999999999778e-01 5.518000000000000000e+03
2.884999999999999787e-01 5.357000000000000000e+03
2.894999999999999796e-01 5.102000000000000000e+03
2.904999999999999805e-01 5.550000000000000000e+03
2.914999999999999813e-01 5.509000000000000000e+03
2.924999999999999822e-01 5.032000000000000000e+03
2.934999999999999831e-01 5.095000000000000000e+03
2.944999999999999840e-01 5.813000000000000000e+03
2.954999999999999849e-01 5.011000000000000000e+03
2.964999999999999858e-01 5.071000000000000000e+03
2.974999999999999867e-01 4.997000000000000000e+03
2.984999999999999876e-01 5.173000000000000000e+03
2.994999999999999885e-01 5.209000000000000000e+03
3.004999999999999893e-01 2.982740000000000000e+05
