# Energy [MeV]	Counts
2.050000000000000086e-02 7.338000000000000000e+03
2.149999999999999828e-02 6.096000000000000000e+03
2.249999999999999917e-02 1.221400000000000000e+04
2.350000000000000006e-02 2.554100000000000000e+04
2.450000000000000094e-02 5.557000000000000000e+03
2.550000000000000183e-02 1.359000000000000000e+04
2.649999999999999925e-02 1.564600000000000000e+04
2.749999999999999667e-02 1.747300000000000000e+04
2.849999999999999756e-02 4.701000000000000000e+03
2.949999999999999845e-02 6.281000000000000000e+03
3.049999999999999933e-02 1.026500000000000000e+04
3.150000000000000022e-02 7.032000000000000000e+03
3.250000000000000111e-02 3.044000000000000000e+03
3.350000000000000200e-02 5.380000000000000000e+03
3.449999999999999595e-02 2.915000000000000000e+03
3.549999999999999684e-02 1.970000000000000000e+03
3.649999999999999772e-02 8.711000000000000000e+03
3.749999999999999167e-02 1.504200000000000000e+04
3.849999999999999256e-02 1.120900000000000000e+04
3.949999999999999345e-02 2.291000000000000000e+03
4.049999999999999434e-02 1.456000000000000000e+03
4.149999999999999523e-02 2.023000000000000000e+03
4.249999999999999611e-02 6.308000000000000000e+03
4.349999999999999700e-02 1.276000000000000000e+04
4.449999999999999789e-02 4.798000000000000000e+03
4.549999999999999878e-02 2.511000000000000000e+03
4.649999999999999967e-02 2.582000000000000000e+03
4.750000000000000056e-02 3.214000000000000000e+03
4.849999999999999450e-02 1.496000000000000000e+03
4.949999999999999539e-02 8.428000000000000000e+03
5.049999999999998934e-02 8.227000000000000000e+03
5.149999999999999023e-02 3.559000000000000000e+03
5.249999999999999112e-02 3.030000000000000000e+03
5.349999999999999201e-02 4.108000000000000000e+03
5.449999999999999289e-02 2.205000000000000000e+03
5.549999999999999378e-02 1.914000000000000000e+03
5.649999999999999467e-02 1.058200000000000000e+04
5.749999999999999556e-02 7.325000000000000000e+03
5.849999999999999645e-02 2.248000000000000000e+03
5.949999999999999734e-02 2.765000000000000000e+03
6.049999999999999822e-02 4.074000000000000000e+03
6.149999999999999217e-02 2.220000000000000000e+03
6.249999999999998612e-02 1.971000000000000000e+03
6.349999999999998701e-02 9.673000000000000000e+03
6.449999999999998790e-02 1.071500000000000000e+04
6.549999999999998879e-02 2.999000000000000000e+03
6.649999999999998967e-02 2.820000000000000000e+03
6.749999999999999056e-02 3.362000000000000000e+03
6.849999999999999145e-02 4.495000000000000000e+03
6.949999999999999234e-02 8.297000000000000000e+03
7.049999999999999323e-02 9.854000000000000000e+03
7.149999999999999412e-02 1.333800000000000000e+04
7.249999999999999500e-02 2.769300000000000000e+04
7.349999999999999589e-02 1.981500000000000000e+04
7.449999999999998290e-02 9.900000000000000000e+03
7.549999999999998379e-02 5.454000000000000000e+03
7.649999999999998468e-02 4.051300000000000000e+04
7.749999999999998557e-02 4.660000000000000000e+04
7.849999999999998646e-02 1.305900000000000000e+04
7.949999999999998734e-02 7.797000000000000000e+03
8.049999999999998823e-02 6.126000000000000000e+03
8.149999999999998912e-02 5.739000000000000000e+03
8.249999999999999001e-02 5.329000000000000000e+03
8.349999999999999090e-02 1.545600000000000000e+04
8.449999999999999178e-02 1.158100000000000000e+04
8.549999999999999267e-02 7.212000000000000000e+03
8.649999999999999356e-02 5.913000000000000000e+03
8.749999999999999445e-02 5.379000000000000000e+03
8.849999999999999534e-02 4.401000000000000000e+03
8.949999999999999623e-02 1.981700000000000000e+04
9.049999999999999711e-02 1.250200000000000000e+04
9.149999999999998412e-02 6.858000000000000000e+03
9.249999999999998501e-02 7.378000000000000000e+03
9.349999999999998590e-02 1.273800000000000000e+04
9.449999999999998679e-02 1.411000000000000000e+04
9.549999999999998768e-02 9.763000000000000000e+03
9.649999999999998856e-02 6.936000000000000000e+03
9.749999999999998945e-02 2.164400000000000000e+04
9.849999999999999034e-02 7.150000000000000000e+03
9.949999999999999123e-02 2.049500000000000000e+04
1.004999999999999921e-01 1.012648000000000000e+06
1.014999999999999930e-01 1.385840000000000000e+05
1.024999999999999939e-01 6.931200000000000000e+04
1.034999999999999809e-01 3.769600000000000000e+04
1.044999999999999818e-01 2.269800000000000000e+04
1.054999999999999827e-01 4.723900000000000000e+04
1.064999999999999836e-01 3.320200000000000000e+04
1.074999999999999845e-01 5.452100000000000000e+04
1.084999999999999853e-01 2.751500000000000000e+04
1.094999999999999862e-01 2.304300000000000000e+04
1.104999999999999871e-01 3.649900000000000000e+04
1.114999999999999880e-01 1.826600000000000000e+04
1.124999999999999889e-01 1.373600000000000000e+04
1.134999999999999898e-01 1.499400000000000000e+04
1.144999999999999907e-01 1.682200000000000000e+04
1.154999999999999916e-01 3.994900000000000000e+04
1.164999999999999786e-01 1.599300000000000000e+04
1.174999999999999795e-01 2.545300000000000000e+04
1.184999999999999803e-01 1.690000000000000000e+04
1.194999999999999812e-01 1.357300000000000000e+04
1.204999999999999821e-01 1.640900000000000000e+04
1.214999999999999830e-01 3.431300000000000000e+04
1.224999999999999839e-01 1.817500000000000000e+04
1.234999999999999848e-01 1.395600000000000000e+04
1.244999999999999857e-01 9.199000000000000000e+03
1.254999999999999727e-01 1.031000000000000000e+04
1.264999999999999736e-01 1.131700000000000000e+04
1.274999999999999745e-01 1.127200000000000000e+04
1.284999999999999754e-01 1.426200000000000000e+04
1.294999999999999762e-01 8.185000000000000000e+03
1.304999999999999771e-01 8.451000000000000000e+03
1.314999999999999780e-01 1.001100000000000000e+04
1.324999999999999789e-01 7.168000000000000000e+03
1.334999999999999798e-01 1.331900000000000000e+04
1.344999999999999807e-01 9.476000000000000000e+03
1.354999999999999816e-01 3.218200000000000000e+04
1.364999999999999825e-01 1.349800000000000000e+04
1.374999999999999833e-01 1.130800000000000000e+04
1.384999999999999842e-01 1.075600000000000000e+04
1.394999999999999851e-01 8.489000000000000000e+03
1.404999999999999860e-01 6.430000000000000000e+03
1.414999999999999591e-01 7.506000000000000000e+03
1.424999999999999600e-01 3.567600000000000000e+04
1.434999999999999609e-01 9.546000000000000000e+03
1.444999999999999618e-01 1.347600000000000000e+04
1.454999999999999627e-01 6.932000000000000000e+03
1.464999999999999636e-01 7.063000000000000000e+03
1.474999999999999645e-01 6.253000000000000000e+03
1.484999999999999654e-01 5.868000000000000000e+03
1.494999999999999662e-01 4.801100000000000000e+04
1.504999999999999671e-01 1.408600000000000000e+04
1.514999999999999680e-01 1.035000000000000000e+04
1.524999999999999689e-01 6.467000000000000000e+03
1.534999999999999698e-01 5.503000000000000000e+03
1.544999999999999707e-01 9.204000000000000000e+03
1.554999999999999716e-01 3.419900000000000000e+04
1.564999999999999725e-01 1.314400000000000000e+04
1.574999999999999734e-01 1.311800000000000000e+04
1.584999999999999742e-01 1.098900000000000000e+04
1.594999999999999751e-01 8.336000000000000000e+03
1.604999999999999760e-01 8.102000000000000000e+03
1.614999999999999492e-01 8.063000000000000000e+03
1.624999999999999500e-01 2.897300000000000000e+04
1.634999999999999509e-01 1.470300000000000000e+04
1.644999999999999518e-01 7.545000000000000000e+03
1.654999999999999527e-01 6.732000000000000000e+03
1.664999999999999536e-01 1.223100000000000000e+04
1.674999999999999545e-01 6.463000000000000000e+03
1.684999999999999554e-01 1.948400000000000000e+04
1.694999999999999563e-01 1.125000000000000000e+04
1.704999999999999571e-01 6.947000000000000000e+03
1.714999999999999580e-01 8.939000000000000000e+03
1.724999999999999589e-01 8.461000000000000000e+03
1.734999999999999598e-01 6.381000000000000000e+03
1.744999999999999607e-01 6.221000000000000000e+03
1.754999999999999616e-01 1.107800000000000000e+04
1.764999999999999625e-01 7.482000000000000000e+03
1.774999999999999634e-01 8.633000000000000000e+03
1.784999999999999643e-01 7.922000000000000000e+03
1.794999999999999651e-01 3.177900000000000000e+04
1.804999999999999660e-01 7.743000000000000000e+03
1.814999999999999669e-01 7.519000000000000000e+03
1.824999999999999678e-01 9.520000000000000000e+03
1.834999999999999687e-01 6.318200000000000000e+04
1.844999999999999696e-01 1.824600000000000000e+04
1.854999999999999705e-01 8.689000000000000000e+03
1.864999999999999436e-01 1.242700000000000000e+04
1.874999999999999445e-01 4.357900000000000000e+04
1.884999999999999454e-01 2.345500000000000000e+04
1.894999999999999463e-01 1.065300000000000000e+04
1.904999999999999472e-01 8.775000000000000000e+03
1.914999999999999480e-01 2.427100000000000000e+04
1.924999999999999489e-01 6.442000000000000000e+03
1.934999999999999498e-01 8.662000000000000000e+03
1.944999999999999507e-01 1.328300000000000000e+04
1.954999999999999516e-01 6.333000000000000000e+03
1.964999999999999525e-01 1.110300000000000000e+04
1.974999999999999534e-01 9.211000000000000000e+03
1.984999999999999543e-01 1.791700000000000000e+04
1.994999999999999551e-01 1.806100000000000000e+04
2.004999999999999560e-01 2.012400000000000000e+04
2.014999999999999569e-01 1.019600000000000000e+04
2.024999999999999578e-01 1.017800000000000000e+04
2.034999999999999587e-01 6.076000000000000000e+03
2.044999999999999596e-01 8.878000000000000000e+03
2.054999999999999605e-01 8.708000000000000000e+03
2.064999999999999614e-01 5.596000000000000000e+03
2.074999999999999623e-01 6.733000000000000000e+03
2.084999999999999631e-01 7.288000000000000000e+03
2.094999999999999640e-01 8.463000000000000000e+03
2.104999999999999649e-01 6.347000000000000000e+03
2.114999999999999658e-01 3.477000000000000000e+03
2.124999999999999389e-01 4.289000000000000000e+03
2.134999999999999398e-01 3.364000000000000000e+03
2.144999999999999407e-01 8.547000000000000000e+03
2.154999999999999416e-01 4.398000000000000000e+03
2.164999999999999425e-01 3.367000000000000000e+03
2.174999999999999434e-01 2.955000000000000000e+03
2.184999999999999443e-01 2.490000000000000000e+03
2.194999999999999452e-01 2.736000000000000000e+03
2.204999999999999460e-01 4.177000000000000000e+03
2.214999999999999469e-01 6.702000000000000000e+03
2.224999999999999478e-01 2.991000000000000000e+03
2.234999999999999487e-01 2.396000000000000000e+03
2.244999999999999496e-01 2.225000000000000000e+03
2.254999999999999505e-01 2.697000000000000000e+03
2.264999999999999514e-01 3.036000000000000000e+03
2.274999999999999523e-01 2.687000000000000000e+03
2.284999999999999531e-01 3.788000000000000000e+03
2.294999999999999540e-01 2.391000000000000000e+03
2.304999999999999549e-01 3.987000000000000000e+03
2.314999999999999558e-01 3.136000000000000000e+03
2.324999999999999567e-01 3.702000000000000000e+03
2.334999999999999576e-01 2.301000000000000000e+03
2.344999999999999585e-01 2.104000000000000000e+03
2.354999999999999594e-01 4.723000000000000000e+03
2.364999999999999603e-01 4.364000000000000000e+03
2.374999999999999334e-01 3.080000000000000000e+03
2.384999999999999343e-01 2.105000000000000000e+03
2.394999999999999352e-01 1.425000000000000000e+03
2.404999999999999361e-01 1.531000000000000000e+03
2.414999999999999369e-01 2.273000000000000000e+03
2.424999999999999378e-01 5.861000000000000000e+03
2.434999999999999387e-01 2.232000000000000000e+03
2.444999999999999396e-01 2.506000000000000000e+03
2.454999999999999405e-01 1.760000000000000000e+03
2.464999999999999414e-01 1.326000000000000000e+03
2.474999999999999423e-01 1.292000000000000000e+03
2.484999999999999432e-01 3.737000000000000000e+03
2.494999999999999440e-01 7.952000000000000000e+03
2.504999999999999449e-01 2.901000000000000000e+03
2.514999999999999458e-01 1.900000000000000000e+03
2.524999999999999467e-01 1.965000000000000000e+03
2.534999999999999476e-01 1.250000000000000000e+03
2.544999999999999485e-01 1.706000000000000000e+03
2.554999999999999494e-01 5.329000000000000000e+03
2.564999999999999503e-01 2.249000000000000000e+03
2.574999999999999512e-01 2.049000000000000000e+03
2.584999999999999520e-01 1.816000000000000000e+03
2.594999999999999529e-01 1.800000000000000000e+03
2.604999999999999538e-01 1.381000000000000000e+03
2.614999999999999547e-01 2.331000000000000000e+03
2.624999999999999556e-01 1.679000000000000000e+03
2.634999999999999565e-01 1.248000000000000000e+03
2.644999999999999574e-01 9.420000000000000000e+02
2.654999999999999583e-01 9.240000000000000000e+02
2.664999999999999591e-01 1.307000000000000000e+03
2.674999999999999600e-01 1.784000000000000000e+03
2.684999999999999609e-01 1.076000000000000000e+03
2.694999999999999618e-01 8.500000000000000000e+02
2.704999999999999627e-01 8.540000000000000000e+02
2.714999999999999636e-01 7.780000000000000000e+02
2.724999999999999645e-01 7.020000000000000000e+02
2.734999999999999654e-01 9.250000000000000000e+02
2.744999999999999662e-01 7.240000000000000000e+02
2.754999999999999671e-01 1.047000000000000000e+03
2.764999999999999680e-01 7.310000000000000000e+02
2.774999999999999689e-01 2.494000000000000000e+03
2.784999999999999698e-01 2.644000000000000000e+03
2.794999999999999707e-01 1.442000000000000000e+03
2.804999999999999716e-01 3.061000000000000000e+03
2.814999999999999725e-01 1.668000000000000000e+03
2.824999999999999734e-01 1.694000000000000000e+03
2.834999999999999742e-01 1.325000000000000000e+03
2.844999999999999751e-01 1.650000000000000000e+03
2.854999999999999760e-01 8.900000000000000000e+02
2.864999999999999769e-01 1.035000000000000000e+03
2.874999999999999778e-01 7.400000000000000000e+02
2.884999999999999787e-01 7.860000000000000000e+02
2.894999999999999796e-01 5.780000000000000000e+02
2.904999999999999805e-01 7.510000000000000000e+02
2.914999999999999813e-01 8.810000000000000000e+02
2.924999999999999822e-01 5.840000000000000000e+02
2.934999999999999831e-01 5.460000000000000000e+02
2.944999999999999840e-01 6.890000000000000000e+02
2.954999999999999849e-01 5.380000000000000000e+02
2.964999999999999858e-01 4.320000000000000000e+02
2.974999999999999867e-01 6.620000000000000000e+02
2.984999999999999876e-01 6.810000000000000000e+02
2.994999999999999885e-01 3.600000000000000000e+02
3.004999999999999893e-01 1.379900000000000000e+04
