# Energy [MeV]	Counts
2.050000000000000086e-02 1.550500000000000000e+04
2.149999999999999828e-02 1.239500000000000000e+04
2.249999999999999917e-02 3.769100000000000000e+04
2.350000000000000006e-02 9.147800000000000000e+04
2.450000000000000094e-02 4.782000000000000000e+04
2.550000000000000183e-02 2.373500000000000000e+04
2.649999999999999925e-02 3.373800000000000000e+04
2.749999999999999667e-02 4.824400000000000000e+04
2.849999999999999756e-02 8.015000000000000000e+03
2.949999999999999845e-02 1.213500000000000000e+04
3.049999999999999933e-02 1.867400000000000000e+04
3.150000000000000022e-02 1.783200000000000000e+04
3.250000000000000111e-02 3.850000000000000000e+03
3.350000000000000200e-02 1.618400000000000000e+04
3.449999999999999595e-02 4.810000000000000000e+03
3.549999999999999684e-02 2.304000000000000000e+03
3.649999999999999772e-02 6.569000000000000000e+03
3.749999999999999167e-02 2.205600000000000000e+04
3.849999999999999256e-02 2.726600000000000000e+04
3.949999999999999345e-02 2.871000000000000000e+03
4.049999999999999434e-02 3.142000000000000000e+03
4.149999999999999523e-02 2.710000000000000000e+03
4.249999999999999611e-02 1.221400000000000000e+04
4.349999999999999700e-02 9.383000000000000000e+03
4.449999999999999789e-02 3.452000000000000000e+03
4.549999999999999878e-02 1.629000000000000000e+03
4.649999999999999967e-02 1.974000000000000000e+03
4.750000000000000056e-02 2.626000000000000000e+03
4.849999999999999450e-02 1.901000000000000000e+03
4.949999999999999539e-02 2.027500000000000000e+04
5.049999999999998934e-02 4.629000000000000000e+03
5.149999999999999023e-02 3.348000000000000000e+03
5.249999999999999112e-02 2.465000000000000000e+03
5.349999999999999201e-02 2.216000000000000000e+03
5.449999999999999289e-02 1.657000000000000000e+03
5.549999999999999378e-02 3.793000000000000000e+03
5.649999999999999467e-02 1.051800000000000000e+04
5.749999999999999556e-02 9.799000000000000000e+03
5.849999999999999645e-02 2.183000000000000000e+03
5.949999999999999734e-02 2.804000000000000000e+03
6.049999999999999822e-02 3.278000000000000000e+03
6.149999999999999217e-02 1.292000000000000000e+03
6.249999999999998612e-02 1.354000000000000000e+03
6.349999999999998701e-02 4.092000000000000000e+03
6.449999999999998790e-02 9.369000000000000000e+03
6.549999999999998879e-02 1.908000000000000000e+03
6.649999999999998967e-02 2.726000000000000000e+03
6.749999999999999056e-02 3.669000000000000000e+03
6.849999999999999145e-02 7.489000000000000000e+03
6.949999999999999234e-02 1.632600000000000000e+04
7.049999999999999323e-02 3.858000000000000000e+03
7.149999999999999412e-02 1.017400000000000000e+04
7.249999999999999500e-02 6.035500000000000000e+04
7.349999999999999589e-02 4.543900000000000000e+04
7.449999999999998290e-02 1.394400000000000000e+04
7.549999999999998379e-02 5.314000000000000000e+03
7.649999999999998468e-02 9.542400000000000000e+04
7.749999999999998557e-02 8.452100000000000000e+04
7.849999999999998646e-02 1.026700000000000000e+04
7.949999999999998734e-02 6.209000000000000000e+03
8.049999999999998823e-02 5.897000000000000000e+03
8.149999999999998912e-02 7.167000000000000000e+03
8.249999999999999001e-02 5.585000000000000000e+03
8.349999999999999090e-02 1.299600000000000000e+04
8.449999999999999178e-02 7.503000000000000000e+03
8.549999999999999267e-02 4.220000000000000000e+03
8.649999999999999356e-02 4.263000000000000000e+03
8.749999999999999445e-02 8.725000000000000000e+03
8.849999999999999534e-02 6.046000000000000000e+03
8.949999999999999623e-02 1.320400000000000000e+04
9.049999999999999711e-02 2.145900000000000000e+04
9.149999999999998412e-02 5.869000000000000000e+03
9.249999999999998501e-02 6.646000000000000000e+03
9.349999999999998590e-02 1.186400000000000000e+04
9.449999999999998679e-02 1.062500000000000000e+04
9.549999999999998768e-02 1.503500000000000000e+04
9.649999999999998856e-02 6.359000000000000000e+03
9.749999999999998945e-02 1.420300000000000000e+04
9.849999999999999034e-02 6.637000000000000000e+03
9.949999999999999123e-02 1.964600000000000000e+04
1.004999999999999921e-01 2.340322000000000000e+06
1.014999999999999930e-01 9.278800000000000000e+04
1.024999999999999939e-01 6.255400000000000000e+04
1.034999999999999809e-01 1.977500000000000000e+04
1.044999999999999818e-01 4.833700000000000000e+04
1.054999999999999827e-01 2.635000000000000000e+04
1.064999999999999836e-01 1.282800000000000000e+04
1.074999999999999845e-01 1.367400000000000000e+04
1.084999999999999853e-01 7.363000000000000000e+03
1.094999999999999862e-01 7.429000000000000000e+03
1.104999999999999871e-01 1.576100000000000000e+04
1.114999999999999880e-01 7.778000000000000000e+03
1.124999999999999889e-01 5.835000000000000000e+03
1.134999999999999898e-01 3.365000000000000000e+03
1.144999999999999907e-01 6.779000000000000000e+03
1.154999999999999916e-01 2.214900000000000000e+04
1.164999999999999786e-01 1.188700000000000000e+04
1.174999999999999795e-01 9.230000000000000000e+03
1.184999999999999803e-01 1.004000000000000000e+04
1.194999999999999812e-01 6.436000000000000000e+03
1.204999999999999821e-01 1.012300000000000000e+04
1.214999999999999830e-01 1.481600000000000000e+04
1.224999999999999839e-01 1.489700000000000000e+04
1.234999999999999848e-01 7.053000000000000000e+03
1.244999999999999857e-01 5.981000000000000000e+03
1.254999999999999727e-01 5.918000000000000000e+03
1.264999999999999736e-01 5.916000000000000000e+03
1.274999999999999745e-01 4.399000000000000000e+03
1.284999999999999754e-01 1.018900000000000000e+04
1.294999999999999762e-01 4.189000000000000000e+03
1.304999999999999771e-01 3.369000000000000000e+03
1.314999999999999780e-01 3.838000000000000000e+03
1.324999999999999789e-01 1.850000000000000000e+03
1.334999999999999798e-01 7.707000000000000000e+03
1.344999999999999807e-01 2.221000000000000000e+03
1.354999999999999816e-01 3.713600000000000000e+04
1.364999999999999825e-01 1.300000000000000000e+03
1.374999999999999833e-01 2.148000000000000000e+03
1.384999999999999842e-01 1.914000000000000000e+03
1.394999999999999851e-01 2.336000000000000000e+03
1.404999999999999860e-01 1.764000000000000000e+03
1.414999999999999591e-01 1.594000000000000000e+03
1.424999999999999600e-01 9.374000000000000000e+03
1.434999999999999609e-01 1.835000000000000000e+03
1.444999999999999618e-01 1.541000000000000000e+03
1.454999999999999627e-01 1.098000000000000000e+03
1.464999999999999636e-01 2.299000000000000000e+03
1.474999999999999645e-01 2.106000000000000000e+03
1.484999999999999654e-01 1.699000000000000000e+03
1.494999999999999662e-01 3.993900000000000000e+04
1.504999999999999671e-01 4.939000000000000000e+03
1.514999999999999680e-01 2.679000000000000000e+03
1.524999999999999689e-01 1.328000000000000000e+03
1.534999999999999698e-01 9.370000000000000000e+02
1.544999999999999707e-01 5.538000000000000000e+03
1.554999999999999716e-01 5.583000000000000000e+03
1.564999999999999725e-01 3.040000000000000000e+03
1.574999999999999734e-01 1.122000000000000000e+03
1.584999999999999742e-01 6.656000000000000000e+03
1.594999999999999751e-01 2.733000000000000000e+03
1.604999999999999760e-01 2.154000000000000000e+03
1.614999999999999492e-01 1.346000000000000000e+03
1.624999999999999500e-01 8.197000000000000000e+03
1.634999999999999509e-01 3.337000000000000000e+03
1.644999999999999518e-01 1.582000000000000000e+03
1.654999999999999527e-01 3.454000000000000000e+03
1.664999999999999536e-01 1.029800000000000000e+04
1.674999999999999545e-01 2.274000000000000000e+03
1.684999999999999554e-01 5.574000000000000000e+03
1.694999999999999563e-01 8.618000000000000000e+03
1.704999999999999571e-01 4.761000000000000000e+03
1.714999999999999580e-01 5.297000000000000000e+03
1.724999999999999589e-01 5.346000000000000000e+03
1.734999999999999598e-01 2.616400000000000000e+04
1.744999999999999607e-01 1.424400000000000000e+04
1.754999999999999616e-01 4.316000000000000000e+03
1.764999999999999625e-01 6.227000000000000000e+03
1.774999999999999634e-01 2.359000000000000000e+03
1.784999999999999643e-01 1.494000000000000000e+03
1.794999999999999651e-01 3.900000000000000000e+04
1.804999999999999660e-01 1.447000000000000000e+03
1.814999999999999669e-01 2.052000000000000000e+03
1.824999999999999678e-01 1.095000000000000000e+03
1.834999999999999687e-01 3.140800000000000000e+04
1.844999999999999696e-01 3.312000000000000000e+03
1.854999999999999705e-01 1.417000000000000000e+03
1.864999999999999436e-01 3.528000000000000000e+03
1.874999999999999445e-01 4.325300000000000000e+04
1.884999999999999454e-01 7.590000000000000000e+03
1.894999999999999463e-01 1.978000000000000000e+03
1.904999999999999472e-01 2.040000000000000000e+03
1.914999999999999480e-01 3.958800000000000000e+04
1.924999999999999489e-01 8.091000000000000000e+03
1.934999999999999498e-01 2.667000000000000000e+03
1.944999999999999507e-01 1.011600000000000000e+04
1.954999999999999516e-01 3.501000000000000000e+03
1.964999999999999525e-01 7.300600000000000000e+04
1.974999999999999534e-01 3.138000000000000000e+03
1.984999999999999543e-01 2.033200000000000000e+04
1.994999999999999551e-01 3.529800000000000000e+04
2.004999999999999560e-01 6.740000000000000000e+03
2.014999999999999569e-01 2.548000000000000000e+03
2.024999999999999578e-01 1.494000000000000000e+03
2.034999999999999587e-01 5.140000000000000000e+02
2.044999999999999596e-01 1.061000000000000000e+03
2.054999999999999605e-01 6.170000000000000000e+02
2.064999999999999614e-01 6.620000000000000000e+02
2.074999999999999623e-01 3.960000000000000000e+02
2.084999999999999631e-01 5.320000000000000000e+02
2.094999999999999640e-01 6.460000000000000000e+02
2.104999999999999649e-01 7.830000000000000000e+02
2.114999999999999658e-01 5.790000000000000000e+02
2.124999999999999389e-01 4.880000000000000000e+02
2.134999999999999398e-01 5.340000000000000000e+02
2.144999999999999407e-01 5.098000000000000000e+03
2.154999999999999416e-01 1.502000000000000000e+03
2.164999999999999425e-01 7.330000000000000000e+02
2.174999999999999434e-01 6.980000000000000000e+02
2.184999999999999443e-01 6.010000000000000000e+02
2.194999999999999452e-01 6.410000000000000000e+02
2.204999999999999460e-01 4.500000000000000000e+02
2.214999999999999469e-01 9.020000000000000000e+02
2.224999999999999478e-01 2.176000000000000000e+03
2.234999999999999487e-01 5.140000000000000000e+02
2.244999999999999496e-01 4.240000000000000000e+02
2.254999999999999505e-01 6.750000000000000000e+02
2.264999999999999514e-01 3.500000000000000000e+02
2.274999999999999523e-01 3.600000000000000000e+02
2.284999999999999531e-01 7.050000000000000000e+02
2.294999999999999540e-01 2.720000000000000000e+02
2.304999999999999549e-01 7.520000000000000000e+02
2.314999999999999558e-01 3.760000000000000000e+02
2.324999999999999567e-01 3.760000000000000000e+02
2.334999999999999576e-01 4.670000000000000000e+02
2.344999999999999585e-01 1.344000000000000000e+03
2.354999999999999594e-01 9.650000000000000000e+02
2.364999999999999603e-01 1.720000000000000000e+02
2.374999999999999334e-01 1.780000000000000000e+02
2.384999999999999343e-01 2.690000000000000000e+02
2.394999999999999352e-01 2.090000000000000000e+02
2.404999999999999361e-01 1.740000000000000000e+02
2.414999999999999369e-01 1.021000000000000000e+03
2.424999999999999378e-01 2.960000000000000000e+02
2.434999999999999387e-01 2.780000000000000000e+02
2.444999999999999396e-01 1.400000000000000000e+02
2.454999999999999405e-01 4.330000000000000000e+02
2.464999999999999414e-01 2.860000000000000000e+02
2.474999999999999423e-01 7.400000000000000000e+02
2.484999999999999432e-01 4.064000000000000000e+03
2.494999999999999440e-01 1.938000000000000000e+03
2.504999999999999449e-01 7.570000000000000000e+02
2.514999999999999458e-01 2.050000000000000000e+02
2.524999999999999467e-01 4.790000000000000000e+02
2.534999999999999476e-01 3.950000000000000000e+02
2.544999999999999485e-01 3.000000000000000000e+02
2.554999999999999494e-01 6.340000000000000000e+02
2.564999999999999503e-01 2.880000000000000000e+02
2.574999999999999512e-01 1.920000000000000000e+02
2.584999999999999520e-01 5.690000000000000000e+02
2.594999999999999529e-01 2.950000000000000000e+02
2.604999999999999538e-01 3.450000000000000000e+02
2.614999999999999547e-01 3.780000000000000000e+02
2.624999999999999556e-01 5.020000000000000000e+02
2.634999999999999565e-01 3.290000000000000000e+02
2.644999999999999574e-01 4.230000000000000000e+02
2.654999999999999583e-01 3.160000000000000000e+02
2.664999999999999591e-01 1.117000000000000000e+03
2.674999999999999600e-01 2.140000000000000000e+02
2.684999999999999609e-01 1.840000000000000000e+02
2.694999999999999618e-01 3.900000000000000000e+02
2.704999999999999627e-01 3.840000000000000000e+02
2.714999999999999636e-01 8.250000000000000000e+02
2.724999999999999645e-01 3.059000000000000000e+03
2.734999999999999654e-01 9.920000000000000000e+02
2.744999999999999662e-01 4.350000000000000000e+02
2.754999999999999671e-01 5.390000000000000000e+02
2.764999999999999680e-01 2.730000000000000000e+02
2.774999999999999689e-01 1.660000000000000000e+02
2.784999999999999698e-01 1.400000000000000000e+02
2.794999999999999707e-01 1.010000000000000000e+02
2.804999999999999716e-01 2.377000000000000000e+03
2.814999999999999725e-01 4.300000000000000000e+02
2.824999999999999734e-01 1.360000000000000000e+02
2.834999999999999742e-01 2.253000000000000000e+03
2.844999999999999751e-01 1.540000000000000000e+02
2.854999999999999760e-01 1.110000000000000000e+02
2.864999999999999769e-01 9.820000000000000000e+02
2.874999999999999778e-01 1.805000000000000000e+03
2.884999999999999787e-01 3.000000000000000000e+02
2.894999999999999796e-01 9.600000000000000000e+01
2.904999999999999805e-01 1.980000000000000000e+02
2.914999999999999813e-01 4.510000000000000000e+02
2.924999999999999822e-01 1.180000000000000000e+02
2.934999999999999831e-01 8.700000000000000000e+01
2.944999999999999840e-01 2.580000000000000000e+02
2.954999999999999849e-01 8.000000000000000000e+01
2.964999999999999858e-01 3.555000000000000000e+03
2.974999999999999867e-01 3.690000000000000000e+02
2.984999999999999876e-01 2.420000000000000000e+02
2.994999999999999885e-01 1.120000000000000000e+02
3.004999999999999893e-01 2.607000000000000000e+03
