# Energy [MeV]	Counts
2.050000000000000086e-02 2.811000000000000000e+03
2.149999999999999828e-02 3.127000000000000000e+03
2.249999999999999917e-02 2.909000000000000000e+03
2.350000000000000006e-02 2.825000000000000000e+03
2.450000000000000094e-02 2.830000000000000000e+03
2.550000000000000183e-02 3.191000000000000000e+03
2.649999999999999925e-02 3.104000000000000000e+03
2.749999999999999667e-02 3.093000000000000000e+03
2.849999999999999756e-02 3.485000000000000000e+03
2.949999999999999845e-02 3.961000000000000000e+03
3.049999999999999933e-02 4.110000000000000000e+03
3.150000000000000022e-02 4.441000000000000000e+03
3.250000000000000111e-02 4.788000000000000000e+03
3.350000000000000200e-02 5.624000000000000000e+03
3.449999999999999595e-02 5.851000000000000000e+03
3.549999999999999684e-02 6.024000000000000000e+03
3.649999999999999772e-02 6.437000000000000000e+03
3.749999999999999167e-02 7.321000000000000000e+03
3.849999999999999256e-02 7.889000000000000000e+03
3.949999999999999345e-02 8.301000000000000000e+03
4.049999999999999434e-02 8.447000000000000000e+03
4.149999999999999523e-02 9.091000000000000000e+03
4.249999999999999611e-02 9.648000000000000000e+03
4.349999999999999700e-02 9.911000000000000000e+03
4.449999999999999789e-02 9.992000000000000000e+03
4.549999999999999878e-02 1.061900000000000000e+04
4.649999999999999967e-02 1.123400000000000000e+04
4.750000000000000056e-02 1.123700000000000000e+04
4.849999999999999450e-02 1.168300000000000000e+04
4.949999999999999539e-02 1.216600000000000000e+04
5.049999999999998934e-02 1.189600000000000000e+04
5.149999999999999023e-02 1.238100000000000000e+04
5.249999999999999112e-02 1.298600000000000000e+04
5.349999999999999201e-02 1.282500000000000000e+04
5.449999999999999289e-02 1.326700000000000000e+04
5.549999999999999378e-02 1.358900000000000000e+04
5.649999999999999467e-02 1.384100000000000000e+04
5.749999999999999556e-02 2.226900000000000000e+04
5.849999999999999645e-02 2.814500000000000000e+04
5.949999999999999734e-02 5.328900000000000000e+04
6.049999999999999822e-02 1.869900000000000000e+04
6.149999999999999217e-02 1.694100000000000000e+04
6.249999999999998612e-02 1.654200000000000000e+04
6.349999999999998701e-02 1.636800000000000000e+04
6.449999999999998790e-02 1.589200000000000000e+04
6.549999999999998879e-02 1.601200000000000000e+04
6.649999999999998967e-02 1.612400000000000000e+04
6.749999999999999056e-02 3.046200000000000000e+04
6.849999999999999145e-02 1.883900000000000000e+04
6.949999999999999234e-02 1.927300000000000000e+04
7.049999999999999323e-02 1.642100000000000000e+04
7.149999999999999412e-02 1.610800000000000000e+04
7.249999999999999500e-02 1.579400000000000000e+04
7.349999999999999589e-02 1.571800000000000000e+04
7.449999999999998290e-02 1.567800000000000000e+04
7.549999999999998379e-02 1.607400000000000000e+04
7.649999999999998468e-02 1.572000000000000000e+04
7.749999999999998557e-02 1.567400000000000000e+04
7.849999999999998646e-02 1.594900000000000000e+04
7.949999999999998734e-02 1.614100000000000000e+04
8.049999999999998823e-02 1.573000000000000000e+04
8.149999999999998912e-02 1.580500000000000000e+04
8.249999999999999001e-02 1.568700000000000000e+04
8.349999999999999090e-02 1.575400000000000000e+04
8.449999999999999178e-02 1.603700000000000000e+04
8.549999999999999267e-02 1.572600000000000000e+04
8.649999999999999356e-02 1.598200000000000000e+04
8.749999999999999445e-02 1.601800000000000000e+04
8.849999999999999534e-02 1.601100000000000000e+04
8.949999999999999623e-02 1.606100000000000000e+04
9.049999999999999711e-02 1.596500000000000000e+04
9.149999999999998412e-02 1.590000000000000000e+04
9.249999999999998501e-02 1.607000000000000000e+04
9.349999999999998590e-02 1.583900000000000000e+04
9.449999999999998679e-02 1.615100000000000000e+04
9.549999999999998768e-02 1.608300000000000000e+04
9.649999999999998856e-02 1.583100000000000000e+04
9.749999999999998945e-02 1.596300000000000000e+04
9.849999999999999034e-02 1.600200000000000000e+04
9.949999999999999123e-02 1.618800000000000000e+04
1.004999999999999921e-01 1.578700000000000000e+04
1.014999999999999930e-01 1.574700000000000000e+04
1.024999999999999939e-01 1.577600000000000000e+04
1.034999999999999809e-01 1.561500000000000000e+04
1.044999999999999818e-01 1.554400000000000000e+04
1.054999999999999827e-01 1.545100000000000000e+04
1.064999999999999836e-01 1.557900000000000000e+04
1.074999999999999845e-01 1.551000000000000000e+04
1.084999999999999853e-01 1.527800000000000000e+04
1.094999999999999862e-01 1.526000000000000000e+04
1.104999999999999871e-01 1.510700000000000000e+04
1.114999999999999880e-01 1.491400000000000000e+04
1.124999999999999889e-01 1.482600000000000000e+04
1.134999999999999898e-01 1.464600000000000000e+04
1.144999999999999907e-01 1.461000000000000000e+04
1.154999999999999916e-01 1.482900000000000000e+04
1.164999999999999786e-01 1.438800000000000000e+04
1.174999999999999795e-01 1.450000000000000000e+04
1.184999999999999803e-01 1.429700000000000000e+04
1.194999999999999812e-01 1.389300000000000000e+04
1.204999999999999821e-01 1.362800000000000000e+04
1.214999999999999830e-01 1.369900000000000000e+04
1.224999999999999839e-01 1.329500000000000000e+04
1.234999999999999848e-01 1.324600000000000000e+04
1.244999999999999857e-01 1.336600000000000000e+04
1.254999999999999727e-01 1.287800000000000000e+04
1.264999999999999736e-01 1.279700000000000000e+04
1.274999999999999745e-01 1.255500000000000000e+04
1.284999999999999754e-01 1.231100000000000000e+04
1.294999999999999762e-01 1.208000000000000000e+04
1.304999999999999771e-01 1.191200000000000000e+04
1.314999999999999780e-01 1.167900000000000000e+04
1.324999999999999789e-01 1.171500000000000000e+04
1.334999999999999798e-01 1.123800000000000000e+04
1.344999999999999807e-01 1.096100000000000000e+04
1.354999999999999816e-01 1.082900000000000000e+04
1.364999999999999825e-01 1.051200000000000000e+04
1.374999999999999833e-01 1.021500000000000000e+04
1.384999999999999842e-01 1.016400000000000000e+04
1.394999999999999851e-01 9.855000000000000000e+03
1.404999999999999860e-01 9.399000000000000000e+03
1.414999999999999591e-01 9.329000000000000000e+03
1.424999999999999600e-01 9.214000000000000000e+03
1.434999999999999609e-01 9.153000000000000000e+03
1.444999999999999618e-01 8.955000000000000000e+03
1.454999999999999627e-01 8.896000000000000000e+03
1.464999999999999636e-01 8.702000000000000000e+03
1.474999999999999645e-01 8.568000000000000000e+03
1.484999999999999654e-01 8.210000000000000000e+03
1.494999999999999662e-01 8.182000000000000000e+03
1.504999999999999671e-01 8.234000000000000000e+03
1.514999999999999680e-01 7.984000000000000000e+03
1.524999999999999689e-01 8.078000000000000000e+03
1.534999999999999698e-01 7.924000000000000000e+03
1.544999999999999707e-01 8.071000000000000000e+03
1.554999999999999716e-01 7.659000000000000000e+03
1.564999999999999725e-01 7.506000000000000000e+03
1.574999999999999734e-01 7.542000000000000000e+03
1.584999999999999742e-01 7.311000000000000000e+03
1.594999999999999751e-01 7.302000000000000000e+03
1.604999999999999760e-01 7.186000000000000000e+03
1.614999999999999492e-01 7.022000000000000000e+03
1.624999999999999500e-01 6.777000000000000000e+03
1.634999999999999509e-01 6.753000000000000000e+03
1.644999999999999518e-01 6.698000000000000000e+03
1.654999999999999527e-01 6.623000000000000000e+03
1.664999999999999536e-01 6.595000000000000000e+03
1.674999999999999545e-01 6.258000000000000000e+03
1.684999999999999554e-01 6.260000000000000000e+03
1.694999999999999563e-01 6.187000000000000000e+03
1.704999999999999571e-01 6.003000000000000000e+03
1.714999999999999580e-01 6.023000000000000000e+03
1.724999999999999589e-01 5.930000000000000000e+03
1.734999999999999598e-01 5.789000000000000000e+03
1.744999999999999607e-01 5.739000000000000000e+03
1.754999999999999616e-01 5.473000000000000000e+03
1.764999999999999625e-01 5.420000000000000000e+03
1.774999999999999634e-01 5.409000000000000000e+03
1.784999999999999643e-01 5.318000000000000000e+03
1.794999999999999651e-01 5.256000000000000000e+03
1.804999999999999660e-01 5.017000000000000000e+03
1.814999999999999669e-01 5.020000000000000000e+03
1.824999999999999678e-01 4.786000000000000000e+03
1.834999999999999687e-01 4.790000000000000000e+03
1.844999999999999696e-01 4.539000000000000000e+03
1.854999999999999705e-01 4.539000000000000000e+03
1.864999999999999436e-01 4.481000000000000000e+03
1.874999999999999445e-01 4.507000000000000000e+03
1.884999999999999454e-01 4.345000000000000000e+03
1.894999999999999463e-01 4.244000000000000000e+03
1.904999999999999472e-01 4.069000000000000000e+03
1.914999999999999480e-01 4.111000000000000000e+03
1.924999999999999489e-01 3.959000000000000000e+03
1.934999999999999498e-01 3.838000000000000000e+03
1.944999999999999507e-01 3.820000000000000000e+03
1.954999999999999516e-01 3.843000000000000000e+03
1.964999999999999525e-01 3.646000000000000000e+03
1.974999999999999534e-01 3.699000000000000000e+03
1.984999999999999543e-01 3.427000000000000000e+03
1.994999999999999551e-01 3.454000000000000000e+03
2.004999999999999560e-01 3.299000000000000000e+03
2.014999999999999569e-01 3.287000000000000000e+03
2.024999999999999578e-01 3.350000000000000000e+03
2.034999999999999587e-01 3.093000000000000000e+03
2.044999999999999596e-01 3.056000000000000000e+03
2.054999999999999605e-01 2.996000000000000000e+03
2.064999999999999614e-01 3.089000000000000000e+03
2.074999999999999623e-01 2.861000000000000000e+03
2.084999999999999631e-01 2.774000000000000000e+03
2.094999999999999640e-01 2.753000000000000000e+03
2.104999999999999649e-01 2.802000000000000000e+03
2.114999999999999658e-01 2.720000000000000000e+03
2.124999999999999389e-01 2.585000000000000000e+03
2.134999999999999398e-01 2.602000000000000000e+03
2.144999999999999407e-01 2.501000000000000000e+03
2.154999999999999416e-01 2.455000000000000000e+03
2.164999999999999425e-01 2.444000000000000000e+03
2.174999999999999434e-01 2.299000000000000000e+03
2.184999999999999443e-01 2.266000000000000000e+03
2.194999999999999452e-01 2.175000000000000000e+03
2.204999999999999460e-01 2.227000000000000000e+03
2.214999999999999469e-01 2.172000000000000000e+03
2.224999999999999478e-01 2.090000000000000000e+03
2.234999999999999487e-01 2.043000000000000000e+03
2.244999999999999496e-01 2.009000000000000000e+03
2.254999999999999505e-01 1.950000000000000000e+03
2.264999999999999514e-01 1.905000000000000000e+03
2.274999999999999523e-01 1.807000000000000000e+03
2.284999999999999531e-01 1.792000000000000000e+03
2.294999999999999540e-01 1.770000000000000000e+03
2.304999999999999549e-01 1.658000000000000000e+03
2.314999999999999558e-01 1.659000000000000000e+03
2.324999999999999567e-01 1.583000000000000000e+03
2.334999999999999576e-01 1.650000000000000000e+03
2.344999999999999585e-01 1.544000000000000000e+03
2.354999999999999594e-01 1.540000000000000000e+03
2.364999999999999603e-01 1.476000000000000000e+03
2.374999999999999334e-01 1.434000000000000000e+03
2.384999999999999343e-01 1.427000000000000000e+03
2.394999999999999352e-01 1.399000000000000000e+03
2.404999999999999361e-01 1.345000000000000000e+03
2.414999999999999369e-01 1.305000000000000000e+03
2.424999999999999378e-01 1.343000000000000000e+03
2.434999999999999387e-01 1.259000000000000000e+03
2.444999999999999396e-01 1.191000000000000000e+03
2.454999999999999405e-01 1.240000000000000000e+03
2.464999999999999414e-01 1.136000000000000000e+03
2.474999999999999423e-01 1.143000000000000000e+03
2.484999999999999432e-01 1.136000000000000000e+03
2.494999999999999440e-01 1.086000000000000000e+03
2.504999999999999449e-01 9.900000000000000000e+02
2.514999999999999458e-01 1.051000000000000000e+03
2.524999999999999467e-01 9.820000000000000000e+02
2.534999999999999476e-01 1.051000000000000000e+03
2.544999999999999485e-01 9.530000000000000000e+02
2.554999999999999494e-01 9.530000000000000000e+02
2.564999999999999503e-01 8.370000000000000000e+02
2.574999999999999512e-01 9.040000000000000000e+02
2.584999999999999520e-01 8.980000000000000000e+02
2.594999999999999529e-01 8.680000000000000000e+02
2.604999999999999538e-01 8.110000000000000000e+02
2.614999999999999547e-01 8.450000000000000000e+02
2.624999999999999556e-01 7.420000000000000000e+02
2.634999999999999565e-01 7.650000000000000000e+02
2.644999999999999574e-01 7.300000000000000000e+02
2.654999999999999583e-01 7.160000000000000000e+02
2.664999999999999591e-01 7.440000000000000000e+02
2.674999999999999600e-01 6.790000000000000000e+02
2.684999999999999609e-01 6.800000000000000000e+02
2.694999999999999618e-01 6.500000000000000000e+02
2.704999999999999627e-01 6.730000000000000000e+02
2.714999999999999636e-01 6.190000000000000000e+02
2.724999999999999645e-01 5.830000000000000000e+02
2.734999999999999654e-01 5.790000000000000000e+02
2.744999999999999662e-01 6.000000000000000000e+02
2.754999999999999671e-01 5.490000000000000000e+02
2.764999999999999680e-01 5.610000000000000000e+02
2.774999999999999689e-01 5.350000000000000000e+02
2.784999999999999698e-01 5.000000000000000000e+02
2.794999999999999707e-01 4.900000000000000000e+02
2.804999999999999716e-01 5.100000000000000000e+02
2.814999999999999725e-01 4.840000000000000000e+02
2.824999999999999734e-01 4.790000000000000000e+02
2.834999999999999742e-01 4.390000000000000000e+02
2.844999999999999751e-01 4.540000000000000000e+02
2.854999999999999760e-01 4.540000000000000000e+02
2.864999999999999769e-01 4.520000000000000000e+02
2.874999999999999778e-01 4.360000000000000000e+02
2.884999999999999787e-01 4.010000000000000000e+02
2.894999999999999796e-01 4.090000000000000000e+02
2.904999999999999805e-01 3.910000000000000000e+02
2.914999999999999813e-01 3.550000000000000000e+02
2.924999999999999822e-01 3.560000000000000000e+02
2.934999999999999831e-01 3.370000000000000000e+02
2.944999999999999840e-01 3.810000000000000000e+02
2.954999999999999849e-01 3.360000000000000000e+02
2.964999999999999858e-01 3.250000000000000000e+02
2.974999999999999867e-01 3.120000000000000000e+02
2.984999999999999876e-01 3.080000000000000000e+02
2.994999999999999885e-01 3.050000000000000000e+02
3.004999999999999893e-01 1.054000000000000000e+04
