# Energy [MeV]	Counts
2.050000000000000086e-02 5.455000000000000000e+03
2.149999999999999828e-02 5.187000000000000000e+03
2.249999999999999917e-02 5.255000000000000000e+03
2.350000000000000006e-02 5.154000000000000000e+03
2.450000000000000094e-02 5.120000000000000000e+03
2.550000000000000183e-02 5.764000000000000000e+03
2.649999999999999925e-02 6.406000000000000000e+03
2.749999999999999667e-02 7.213000000000000000e+03
2.849999999999999756e-02 8.136000000000000000e+03
2.949999999999999845e-02 9.588000000000000000e+03
3.049999999999999933e-02 1.108300000000000000e+04
3.150000000000000022e-02 1.282400000000000000e+04
3.250000000000000111e-02 1.427200000000000000e+04
3.350000000000000200e-02 1.671000000000000000e+04
3.449999999999999595e-02 1.857500000000000000e+04
3.549999999999999684e-02 2.091000000000000000e+04
3.649999999999999772e-02 2.217800000000000000e+04
3.749999999999999167e-02 2.411500000000000000e+04
3.849999999999999256e-02 2.618000000000000000e+04
3.949999999999999345e-02 2.779600000000000000e+04
4.049999999999999434e-02 2.885300000000000000e+04
4.149999999999999523e-02 3.063700000000000000e+04
4.249999999999999611e-02 3.211600000000000000e+04
4.349999999999999700e-02 3.315300000000000000e+04
4.449999999999999789e-02 3.378800000000000000e+04
4.549999999999999878e-02 3.465500000000000000e+04
4.649999999999999967e-02 3.596500000000000000e+04
4.750000000000000056e-02 3.617600000000000000e+04
4.849999999999999450e-02 3.716200000000000000e+04
4.949999999999999539e-02 3.719200000000000000e+04
5.049999999999998934e-02 3.742500000000000000e+04
5.149999999999999023e-02 3.766400000000000000e+04
5.249999999999999112e-02 3.814800000000000000e+04
5.349999999999999201e-02 3.822600000000000000e+04
5.449999999999999289e-02 3.842200000000000000e+04
5.549999999999999378e-02 3.864000000000000000e+04
5.649999999999999467e-02 3.817800000000000000e+04
5.749999999999999556e-02 8.236500000000000000e+04
5.849999999999999645e-02 8.910500000000000000e+04
5.949999999999999734e-02 2.049270000000000000e+05
6.049999999999999822e-02 4.202600000000000000e+04
6.149999999999999217e-02 3.984000000000000000e+04
6.249999999999998612e-02 3.842000000000000000e+04
6.349999999999998701e-02 3.813200000000000000e+04
6.449999999999998790e-02 3.672500000000000000e+04
6.549999999999998879e-02 3.673600000000000000e+04
6.649999999999998967e-02 3.615600000000000000e+04
6.749999999999999056e-02 9.675800000000000000e+04
6.849999999999999145e-02 4.429400000000000000e+04
6.949999999999999234e-02 4.299100000000000000e+04
7.049999999999999323e-02 3.252800000000000000e+04
7.149999999999999412e-02 3.203300000000000000e+04
7.249999999999999500e-02 3.143900000000000000e+04
7.349999999999999589e-02 3.093300000000000000e+04
7.449999999999998290e-02 3.049000000000000000e+04
7.549999999999998379e-02 3.032700000000000000e+04
7.649999999999998468e-02 2.962000000000000000e+04
7.749999999999998557e-02 2.941500000000000000e+04
7.849999999999998646e-02 2.887300000000000000e+04
7.949999999999998734e-02 2.864600000000000000e+04
8.049999999999998823e-02 2.820900000000000000e+04
8.149999999999998912e-02 2.755200000000000000e+04
8.249999999999999001e-02 2.736900000000000000e+04
8.349999999999999090e-02 2.672600000000000000e+04
8.449999999999999178e-02 2.641600000000000000e+04
8.549999999999999267e-02 2.609700000000000000e+04
8.649999999999999356e-02 2.561700000000000000e+04
8.749999999999999445e-02 2.540500000000000000e+04
8.849999999999999534e-02 2.496600000000000000e+04
8.949999999999999623e-02 2.459600000000000000e+04
9.049999999999999711e-02 2.422300000000000000e+04
9.149999999999998412e-02 2.380100000000000000e+04
9.249999999999998501e-02 2.354800000000000000e+04
9.349999999999998590e-02 2.290300000000000000e+04
9.449999999999998679e-02 2.284200000000000000e+04
9.549999999999998768e-02 2.235700000000000000e+04
9.649999999999998856e-02 2.182800000000000000e+04
9.749999999999998945e-02 2.134900000000000000e+04
9.849999999999999034e-02 2.075200000000000000e+04
9.949999999999999123e-02 2.041700000000000000e+04
1.004999999999999921e-01 2.040900000000000000e+04
1.014999999999999930e-01 1.980900000000000000e+04
1.024999999999999939e-01 1.948900000000000000e+04
1.034999999999999809e-01 1.912800000000000000e+04
1.044999999999999818e-01 1.863000000000000000e+04
1.054999999999999827e-01 1.820800000000000000e+04
1.064999999999999836e-01 1.783200000000000000e+04
1.074999999999999845e-01 1.756900000000000000e+04
1.084999999999999853e-01 1.725700000000000000e+04
1.094999999999999862e-01 1.666100000000000000e+04
1.104999999999999871e-01 1.619700000000000000e+04
1.114999999999999880e-01 1.587800000000000000e+04
1.124999999999999889e-01 1.552900000000000000e+04
1.134999999999999898e-01 1.528200000000000000e+04
1.144999999999999907e-01 1.487900000000000000e+04
1.154999999999999916e-01 1.442600000000000000e+04
1.164999999999999786e-01 1.413600000000000000e+04
1.174999999999999795e-01 1.360300000000000000e+04
1.184999999999999803e-01 1.303200000000000000e+04
1.194999999999999812e-01 1.292800000000000000e+04
1.204999999999999821e-01 1.216200000000000000e+04
1.214999999999999830e-01 1.191200000000000000e+04
1.224999999999999839e-01 1.150300000000000000e+04
1.234999999999999848e-01 1.113700000000000000e+04
1.244999999999999857e-01 1.091400000000000000e+04
1.254999999999999727e-01 1.045500000000000000e+04
1.264999999999999736e-01 9.812000000000000000e+03
1.274999999999999745e-01 9.616000000000000000e+03
1.284999999999999754e-01 9.179000000000000000e+03
1.294999999999999762e-01 8.590000000000000000e+03
1.304999999999999771e-01 8.290000000000000000e+03
1.314999999999999780e-01 7.910000000000000000e+03
1.324999999999999789e-01 7.304000000000000000e+03
1.334999999999999798e-01 6.973000000000000000e+03
1.344999999999999807e-01 6.542000000000000000e+03
1.354999999999999816e-01 6.196000000000000000e+03
1.364999999999999825e-01 5.635000000000000000e+03
1.374999999999999833e-01 5.126000000000000000e+03
1.384999999999999842e-01 4.422000000000000000e+03
1.394999999999999851e-01 3.477000000000000000e+03
1.404999999999999860e-01 3.187000000000000000e+03
1.414999999999999591e-01 2.999000000000000000e+03
1.424999999999999600e-01 3.015000000000000000e+03
1.434999999999999609e-01 2.815000000000000000e+03
1.444999999999999618e-01 2.689000000000000000e+03
1.454999999999999627e-01 2.726000000000000000e+03
1.464999999999999636e-01 2.684000000000000000e+03
1.474999999999999645e-01 2.487000000000000000e+03
1.484999999999999654e-01 2.559000000000000000e+03
1.494999999999999662e-01 2.392000000000000000e+03
1.504999999999999671e-01 2.352000000000000000e+03
1.514999999999999680e-01 2.243000000000000000e+03
1.524999999999999689e-01 2.314000000000000000e+03
1.534999999999999698e-01 2.218000000000000000e+03
1.544999999999999707e-01 2.092000000000000000e+03
1.554999999999999716e-01 2.096000000000000000e+03
1.564999999999999725e-01 2.032000000000000000e+03
1.574999999999999734e-01 2.040000000000000000e+03
1.584999999999999742e-01 1.932000000000000000e+03
1.594999999999999751e-01 1.867000000000000000e+03
1.604999999999999760e-01 1.817000000000000000e+03
1.614999999999999492e-01 1.739000000000000000e+03
1.624999999999999500e-01 1.717000000000000000e+03
1.634999999999999509e-01 1.775000000000000000e+03
1.644999999999999518e-01 1.660000000000000000e+03
1.654999999999999527e-01 1.513000000000000000e+03
1.664999999999999536e-01 1.593000000000000000e+03
1.674999999999999545e-01 1.493000000000000000e+03
1.684999999999999554e-01 1.469000000000000000e+03
1.694999999999999563e-01 1.462000000000000000e+03
1.704999999999999571e-01 1.380000000000000000e+03
1.714999999999999580e-01 1.322000000000000000e+03
1.724999999999999589e-01 1.290000000000000000e+03
1.734999999999999598e-01 1.232000000000000000e+03
1.744999999999999607e-01 1.251000000000000000e+03
1.754999999999999616e-01 1.129000000000000000e+03
1.764999999999999625e-01 1.133000000000000000e+03
1.774999999999999634e-01 1.108000000000000000e+03
1.784999999999999643e-01 1.014000000000000000e+03
1.794999999999999651e-01 9.370000000000000000e+02
1.804999999999999660e-01 9.620000000000000000e+02
1.814999999999999669e-01 9.270000000000000000e+02
1.824999999999999678e-01 9.220000000000000000e+02
1.834999999999999687e-01 8.750000000000000000e+02
1.844999999999999696e-01 9.110000000000000000e+02
1.854999999999999705e-01 7.820000000000000000e+02
1.864999999999999436e-01 8.020000000000000000e+02
1.874999999999999445e-01 7.820000000000000000e+02
1.884999999999999454e-01 7.630000000000000000e+02
1.894999999999999463e-01 7.010000000000000000e+02
1.904999999999999472e-01 6.420000000000000000e+02
1.914999999999999480e-01 6.470000000000000000e+02
1.924999999999999489e-01 6.320000000000000000e+02
1.934999999999999498e-01 5.700000000000000000e+02
1.944999999999999507e-01 5.830000000000000000e+02
1.954999999999999516e-01 5.480000000000000000e+02
1.964999999999999525e-01 5.500000000000000000e+02
1.974999999999999534e-01 5.460000000000000000e+02
1.984999999999999543e-01 4.550000000000000000e+02
1.994999999999999551e-01 4.690000000000000000e+02
2.004999999999999560e-01 4.360000000000000000e+02
2.014999999999999569e-01 4.430000000000000000e+02
2.024999999999999578e-01 4.100000000000000000e+02
2.034999999999999587e-01 4.060000000000000000e+02
2.044999999999999596e-01 3.430000000000000000e+02
2.054999999999999605e-01 3.580000000000000000e+02
2.064999999999999614e-01 3.170000000000000000e+02
2.074999999999999623e-01 3.240000000000000000e+02
2.084999999999999631e-01 3.240000000000000000e+02
2.094999999999999640e-01 3.280000000000000000e+02
2.104999999999999649e-01 2.670000000000000000e+02
2.114999999999999658e-01 2.970000000000000000e+02
2.124999999999999389e-01 2.790000000000000000e+02
2.134999999999999398e-01 2.670000000000000000e+02
2.144999999999999407e-01 2.570000000000000000e+02
2.154999999999999416e-01 2.450000000000000000e+02
2.164999999999999425e-01 2.350000000000000000e+02
2.174999999999999434e-01 2.240000000000000000e+02
2.184999999999999443e-01 2.150000000000000000e+02
2.194999999999999452e-01 2.130000000000000000e+02
2.204999999999999460e-01 1.890000000000000000e+02
2.214999999999999469e-01 2.020000000000000000e+02
2.224999999999999478e-01 2.000000000000000000e+02
2.234999999999999487e-01 1.920000000000000000e+02
2.244999999999999496e-01 1.550000000000000000e+02
2.254999999999999505e-01 1.520000000000000000e+02
2.264999999999999514e-01 1.640000000000000000e+02
2.274999999999999523e-01 1.510000000000000000e+02
2.284999999999999531e-01 1.440000000000000000e+02
2.294999999999999540e-01 1.550000000000000000e+02
2.304999999999999549e-01 1.240000000000000000e+02
2.314999999999999558e-01 1.180000000000000000e+02
2.324999999999999567e-01 1.280000000000000000e+02
2.334999999999999576e-01 9.200000000000000000e+01
2.344999999999999585e-01 1.020000000000000000e+02
2.354999999999999594e-01 1.020000000000000000e+02
2.364999999999999603e-01 1.170000000000000000e+02
2.374999999999999334e-01 8.600000000000000000e+01
2.384999999999999343e-01 7.000000000000000000e+01
2.394999999999999352e-01 9.100000000000000000e+01
2.404999999999999361e-01 9.000000000000000000e+01
2.414999999999999369e-01 8.000000000000000000e+01
2.424999999999999378e-01 6.700000000000000000e+01
2.434999999999999387e-01 8.200000000000000000e+01
2.444999999999999396e-01 5.600000000000000000e+01
2.454999999999999405e-01 7.200000000000000000e+01
2.464999999999999414e-01 4.700000000000000000e+01
2.474999999999999423e-01 7.300000000000000000e+01
2.484999999999999432e-01 5.100000000000000000e+01
2.494999999999999440e-01 5.400000000000000000e+01
2.504999999999999449e-01 4.300000000000000000e+01
2.514999999999999458e-01 5.400000000000000000e+01
2.524999999999999467e-01 4.700000000000000000e+01
2.534999999999999476e-01 3.200000000000000000e+01
2.544999999999999485e-01 5.200000000000000000e+01
2.554999999999999494e-01 3.300000000000000000e+01
2.564999999999999503e-01 3.500000000000000000e+01
2.574999999999999512e-01 3.600000000000000000e+01
2.584999999999999520e-01 3.600000000000000000e+01
2.594999999999999529e-01 2.600000000000000000e+01
2.604999999999999538e-01 2.700000000000000000e+01
2.614999999999999547e-01 2.500000000000000000e+01
2.624999999999999556e-01 2.300000000000000000e+01
2.634999999999999565e-01 3.200000000000000000e+01
2.644999999999999574e-01 2.200000000000000000e+01
2.654999999999999583e-01 2.600000000000000000e+01
2.664999999999999591e-01 2.100000000000000000e+01
2.674999999999999600e-01 1.700000000000000000e+01
2.684999999999999609e-01 2.900000000000000000e+01
2.694999999999999618e-01 2.000000000000000000e+01
2.704999999999999627e-01 2.000000000000000000e+01
2.714999999999999636e-01 1.600000000000000000e+01
2.724999999999999645e-01 1.900000000000000000e+01
2.734999999999999654e-01 1.300000000000000000e+01
2.744999999999999662e-01 1.900000000000000000e+01
2.754999999999999671e-01 1.900000000000000000e+01
2.764999999999999680e-01 6.000000000000000000e+00
2.774999999999999689e-01 1.700000000000000000e+01
2.784999999999999698e-01 1.800000000000000000e+01
2.794999999999999707e-01 1.600000000000000000e+01
2.804999999999999716e-01 1.000000000000000000e+01
2.814999999999999725e-01 1.200000000000000000e+01
2.824999999999999734e-01 1.000000000000000000e+01
2.834999999999999742e-01 1.100000000000000000e+01
2.844999999999999751e-01 1.000000000000000000e+01
2.854999999999999760e-01 1.000000000000000000e+01
2.864999999999999769e-01 8.000000000000000000e+00
2.874999999999999778e-01 6.000000000000000000e+00
2.884999999999999787e-01 9.000000000000000000e+00
2.894999999999999796e-01 6.000000000000000000e+00
2.904999999999999805e-01 9.000000000000000000e+00
2.914999999999999813e-01 9.000000000000000000e+00
2.924999999999999822e-01 9.000000000000000000e+00
2.934999999999999831e-01 7.000000000000000000e+00
2.944999999999999840e-01 4.000000000000000000e+00
2.954999999999999849e-01 7.000000000000000000e+00
2.964999999999999858e-01 3.000000000000000000e+00
2.974999999999999867e-01 5.000000000000000000e+00
2.984999999999999876e-01 6.000000000000000000e+00
2.994999999999999885e-01 5.000000000000000000e+00
3.004999999999999893e-01 1.200000000000000000e+02
