# Energy [MeV]	Counts
2.050000000000000086e-02 5.636000000000000000e+03
2.149999999999999828e-02 5.966000000000000000e+03
2.249999999999999917e-02 5.565000000000000000e+03
2.350000000000000006e-02 5.456000000000000000e+03
2.450000000000000094e-02 5.466000000000000000e+03
2.550000000000000183e-02 6.114000000000000000e+03
2.649999999999999925e-02 5.994000000000000000e+03
2.749999999999999667e-02 6.359000000000000000e+03
2.849999999999999756e-02 6.928000000000000000e+03
2.949999999999999845e-02 8.064000000000000000e+03
3.049999999999999933e-02 8.643000000000000000e+03
3.150000000000000022e-02 9.634000000000000000e+03
3.250000000000000111e-02 1.023100000000000000e+04
3.350000000000000200e-02 1.213800000000000000e+04
3.449999999999999595e-02 1.298800000000000000e+04
3.549999999999999684e-02 1.400600000000000000e+04
3.649999999999999772e-02 1.481600000000000000e+04
3.749999999999999167e-02 1.661300000000000000e+04
3.849999999999999256e-02 1.765100000000000000e+04
3.949999999999999345e-02 1.859300000000000000e+04
4.049999999999999434e-02 1.895400000000000000e+04
4.149999999999999523e-02 2.025300000000000000e+04
4.249999999999999611e-02 2.133900000000000000e+04
4.349999999999999700e-02 2.173400000000000000e+04
4.449999999999999789e-02 2.250300000000000000e+04
4.549999999999999878e-02 2.318200000000000000e+04
4.649999999999999967e-02 2.430000000000000000e+04
4.750000000000000056e-02 2.448500000000000000e+04
4.849999999999999450e-02 2.502400000000000000e+04
4.949999999999999539e-02 2.582000000000000000e+04
5.049999999999998934e-02 2.545700000000000000e+04
5.149999999999999023e-02 2.597000000000000000e+04
5.249999999999999112e-02 2.661100000000000000e+04
5.349999999999999201e-02 2.665200000000000000e+04
5.449999999999999289e-02 2.685600000000000000e+04
5.549999999999999378e-02 2.719200000000000000e+04
5.649999999999999467e-02 2.716400000000000000e+04
5.749999999999999556e-02 5.123800000000000000e+04
5.849999999999999645e-02 5.944000000000000000e+04
5.949999999999999734e-02 1.255000000000000000e+05
6.049999999999999822e-02 3.330100000000000000e+04
6.149999999999999217e-02 3.052900000000000000e+04
6.249999999999998612e-02 2.940300000000000000e+04
6.349999999999998701e-02 2.943600000000000000e+04
6.449999999999998790e-02 2.803700000000000000e+04
6.549999999999998879e-02 2.847400000000000000e+04
6.649999999999998967e-02 2.808700000000000000e+04
6.749999999999999056e-02 6.410300000000000000e+04
6.849999999999999145e-02 3.355500000000000000e+04
6.949999999999999234e-02 3.312800000000000000e+04
7.049999999999999323e-02 2.648900000000000000e+04
7.149999999999999412e-02 2.648800000000000000e+04
7.249999999999999500e-02 2.553300000000000000e+04
7.349999999999999589e-02 2.568400000000000000e+04
7.449999999999998290e-02 2.494200000000000000e+04
7.549999999999998379e-02 2.515200000000000000e+04
7.649999999999998468e-02 2.446700000000000000e+04
7.749999999999998557e-02 2.435200000000000000e+04
7.849999999999998646e-02 2.418000000000000000e+04
7.949999999999998734e-02 2.406500000000000000e+04
8.049999999999998823e-02 2.399100000000000000e+04
8.149999999999998912e-02 2.356600000000000000e+04
8.249999999999999001e-02 2.352100000000000000e+04
8.349999999999999090e-02 2.329600000000000000e+04
8.449999999999999178e-02 2.295800000000000000e+04
8.549999999999999267e-02 2.268200000000000000e+04
8.649999999999999356e-02 2.283200000000000000e+04
8.749999999999999445e-02 2.228400000000000000e+04
8.849999999999999534e-02 2.239400000000000000e+04
8.949999999999999623e-02 2.210300000000000000e+04
9.049999999999999711e-02 2.185500000000000000e+04
9.149999999999998412e-02 2.191900000000000000e+04
9.249999999999998501e-02 2.157000000000000000e+04
9.349999999999998590e-02 2.132700000000000000e+04
9.449999999999998679e-02 2.123300000000000000e+04
9.549999999999998768e-02 2.117200000000000000e+04
9.649999999999998856e-02 2.083100000000000000e+04
9.749999999999998945e-02 2.046900000000000000e+04
9.849999999999999034e-02 2.043100000000000000e+04
9.949999999999999123e-02 1.969800000000000000e+04
1.004999999999999921e-01 1.988400000000000000e+04
1.014999999999999930e-01 1.966600000000000000e+04
1.024999999999999939e-01 1.946000000000000000e+04
1.034999999999999809e-01 1.917000000000000000e+04
1.044999999999999818e-01 1.887200000000000000e+04
1.054999999999999827e-01 1.839400000000000000e+04
1.064999999999999836e-01 1.851500000000000000e+04
1.074999999999999845e-01 1.839600000000000000e+04
1.084999999999999853e-01 1.785400000000000000e+04
1.094999999999999862e-01 1.738300000000000000e+04
1.104999999999999871e-01 1.720600000000000000e+04
1.114999999999999880e-01 1.700000000000000000e+04
1.124999999999999889e-01 1.675800000000000000e+04
1.134999999999999898e-01 1.663500000000000000e+04
1.144999999999999907e-01 1.601000000000000000e+04
1.154999999999999916e-01 1.596500000000000000e+04
1.164999999999999786e-01 1.572900000000000000e+04
1.174999999999999795e-01 1.546900000000000000e+04
1.184999999999999803e-01 1.489100000000000000e+04
1.194999999999999812e-01 1.452400000000000000e+04
1.204999999999999821e-01 1.421600000000000000e+04
1.214999999999999830e-01 1.381400000000000000e+04
1.224999999999999839e-01 1.361400000000000000e+04
1.234999999999999848e-01 1.316500000000000000e+04
1.244999999999999857e-01 1.302800000000000000e+04
1.254999999999999727e-01 1.280500000000000000e+04
1.264999999999999736e-01 1.228200000000000000e+04
1.274999999999999745e-01 1.211000000000000000e+04
1.284999999999999754e-01 1.148600000000000000e+04
1.294999999999999762e-01 1.131600000000000000e+04
1.304999999999999771e-01 1.071900000000000000e+04
1.314999999999999780e-01 1.038700000000000000e+04
1.324999999999999789e-01 1.004900000000000000e+04
1.334999999999999798e-01 9.616000000000000000e+03
1.344999999999999807e-01 9.434000000000000000e+03
1.354999999999999816e-01 9.127000000000000000e+03
1.364999999999999825e-01 8.532000000000000000e+03
1.374999999999999833e-01 8.467000000000000000e+03
1.384999999999999842e-01 7.659000000000000000e+03
1.394999999999999851e-01 7.162000000000000000e+03
1.404999999999999860e-01 6.869000000000000000e+03
1.414999999999999591e-01 6.565000000000000000e+03
1.424999999999999600e-01 6.317000000000000000e+03
1.434999999999999609e-01 6.219000000000000000e+03
1.444999999999999618e-01 6.101000000000000000e+03
1.454999999999999627e-01 5.967000000000000000e+03
1.464999999999999636e-01 5.892000000000000000e+03
1.474999999999999645e-01 5.730000000000000000e+03
1.484999999999999654e-01 5.532000000000000000e+03
1.494999999999999662e-01 5.483000000000000000e+03
1.504999999999999671e-01 5.458000000000000000e+03
1.514999999999999680e-01 5.287000000000000000e+03
1.524999999999999689e-01 5.091000000000000000e+03
1.534999999999999698e-01 4.890000000000000000e+03
1.544999999999999707e-01 4.877000000000000000e+03
1.554999999999999716e-01 4.939000000000000000e+03
1.564999999999999725e-01 4.698000000000000000e+03
1.574999999999999734e-01 4.672000000000000000e+03
1.584999999999999742e-01 4.498000000000000000e+03
1.594999999999999751e-01 4.531000000000000000e+03
1.604999999999999760e-01 4.238000000000000000e+03
1.614999999999999492e-01 4.272000000000000000e+03
1.624999999999999500e-01 4.091000000000000000e+03
1.634999999999999509e-01 4.086000000000000000e+03
1.644999999999999518e-01 3.984000000000000000e+03
1.654999999999999527e-01 3.934000000000000000e+03
1.664999999999999536e-01 3.799000000000000000e+03
1.674999999999999545e-01 3.742000000000000000e+03
1.684999999999999554e-01 3.612000000000000000e+03
1.694999999999999563e-01 3.593000000000000000e+03
1.704999999999999571e-01 3.388000000000000000e+03
1.714999999999999580e-01 3.251000000000000000e+03
1.724999999999999589e-01 3.228000000000000000e+03
1.734999999999999598e-01 3.170000000000000000e+03
1.744999999999999607e-01 3.126000000000000000e+03
1.754999999999999616e-01 3.007000000000000000e+03
1.764999999999999625e-01 2.958000000000000000e+03
1.774999999999999634e-01 2.793000000000000000e+03
1.784999999999999643e-01 2.777000000000000000e+03
1.794999999999999651e-01 2.651000000000000000e+03
1.804999999999999660e-01 2.617000000000000000e+03
1.814999999999999669e-01 2.577000000000000000e+03
1.824999999999999678e-01 2.489000000000000000e+03
1.834999999999999687e-01 2.423000000000000000e+03
1.844999999999999696e-01 2.323000000000000000e+03
1.854999999999999705e-01 2.291000000000000000e+03
1.864999999999999436e-01 2.178000000000000000e+03
1.874999999999999445e-01 2.235000000000000000e+03
1.884999999999999454e-01 2.140000000000000000e+03
1.894999999999999463e-01 2.022000000000000000e+03
1.904999999999999472e-01 2.037000000000000000e+03
1.914999999999999480e-01 1.895000000000000000e+03
1.924999999999999489e-01 1.882000000000000000e+03
1.934999999999999498e-01 1.745000000000000000e+03
1.944999999999999507e-01 1.738000000000000000e+03
1.954999999999999516e-01 1.648000000000000000e+03
1.964999999999999525e-01 1.670000000000000000e+03
1.974999999999999534e-01 1.606000000000000000e+03
1.984999999999999543e-01 1.462000000000000000e+03
1.994999999999999551e-01 1.528000000000000000e+03
2.004999999999999560e-01 1.454000000000000000e+03
2.014999999999999569e-01 1.410000000000000000e+03
2.024999999999999578e-01 1.389000000000000000e+03
2.034999999999999587e-01 1.323000000000000000e+03
2.044999999999999596e-01 1.290000000000000000e+03
2.054999999999999605e-01 1.128000000000000000e+03
2.064999999999999614e-01 1.197000000000000000e+03
2.074999999999999623e-01 1.164000000000000000e+03
2.084999999999999631e-01 1.145000000000000000e+03
2.094999999999999640e-01 1.079000000000000000e+03
2.104999999999999649e-01 1.056000000000000000e+03
2.114999999999999658e-01 1.027000000000000000e+03
2.124999999999999389e-01 1.065000000000000000e+03
2.134999999999999398e-01 9.540000000000000000e+02
2.144999999999999407e-01 9.890000000000000000e+02
2.154999999999999416e-01 8.950000000000000000e+02
2.164999999999999425e-01 8.820000000000000000e+02
2.174999999999999434e-01 8.420000000000000000e+02
2.184999999999999443e-01 8.560000000000000000e+02
2.194999999999999452e-01 7.750000000000000000e+02
2.204999999999999460e-01 7.600000000000000000e+02
2.214999999999999469e-01 7.490000000000000000e+02
2.224999999999999478e-01 7.190000000000000000e+02
2.234999999999999487e-01 6.350000000000000000e+02
2.244999999999999496e-01 6.900000000000000000e+02
2.254999999999999505e-01 6.770000000000000000e+02
2.264999999999999514e-01 6.180000000000000000e+02
2.274999999999999523e-01 6.590000000000000000e+02
2.284999999999999531e-01 6.180000000000000000e+02
2.294999999999999540e-01 5.780000000000000000e+02
2.304999999999999549e-01 5.780000000000000000e+02
2.314999999999999558e-01 5.310000000000000000e+02
2.324999999999999567e-01 5.090000000000000000e+02
2.334999999999999576e-01 5.180000000000000000e+02
2.344999999999999585e-01 5.810000000000000000e+02
2.354999999999999594e-01 4.770000000000000000e+02
2.364999999999999603e-01 4.270000000000000000e+02
2.374999999999999334e-01 4.210000000000000000e+02
2.384999999999999343e-01 4.170000000000000000e+02
2.394999999999999352e-01 4.400000000000000000e+02
2.404999999999999361e-01 4.320000000000000000e+02
2.414999999999999369e-01 3.990000000000000000e+02
2.424999999999999378e-01 3.690000000000000000e+02
2.434999999999999387e-01 3.970000000000000000e+02
2.444999999999999396e-01 3.370000000000000000e+02
2.454999999999999405e-01 3.200000000000000000e+02
2.464999999999999414e-01 3.310000000000000000e+02
2.474999999999999423e-01 3.040000000000000000e+02
2.484999999999999432e-01 3.400000000000000000e+02
2.494999999999999440e-01 2.980000000000000000e+02
2.504999999999999449e-01 3.000000000000000000e+02
2.514999999999999458e-01 2.780000000000000000e+02
2.524999999999999467e-01 2.460000000000000000e+02
2.534999999999999476e-01 2.230000000000000000e+02
2.544999999999999485e-01 2.590000000000000000e+02
2.554999999999999494e-01 2.230000000000000000e+02
2.564999999999999503e-01 2.530000000000000000e+02
2.574999999999999512e-01 2.280000000000000000e+02
2.584999999999999520e-01 2.530000000000000000e+02
2.594999999999999529e-01 2.230000000000000000e+02
2.604999999999999538e-01 2.150000000000000000e+02
2.614999999999999547e-01 2.050000000000000000e+02
2.624999999999999556e-01 1.960000000000000000e+02
2.634999999999999565e-01 1.950000000000000000e+02
2.644999999999999574e-01 1.740000000000000000e+02
2.654999999999999583e-01 1.660000000000000000e+02
2.664999999999999591e-01 1.710000000000000000e+02
2.674999999999999600e-01 1.920000000000000000e+02
2.684999999999999609e-01 1.240000000000000000e+02
2.694999999999999618e-01 1.600000000000000000e+02
2.704999999999999627e-01 1.550000000000000000e+02
2.714999999999999636e-01 1.440000000000000000e+02
2.724999999999999645e-01 1.320000000000000000e+02
2.734999999999999654e-01 1.280000000000000000e+02
2.744999999999999662e-01 1.340000000000000000e+02
2.754999999999999671e-01 1.060000000000000000e+02
2.764999999999999680e-01 1.180000000000000000e+02
2.774999999999999689e-01 1.200000000000000000e+02
2.784999999999999698e-01 1.230000000000000000e+02
2.794999999999999707e-01 1.110000000000000000e+02
2.804999999999999716e-01 1.060000000000000000e+02
2.814999999999999725e-01 9.200000000000000000e+01
2.824999999999999734e-01 9.900000000000000000e+01
2.834999999999999742e-01 7.900000000000000000e+01
2.844999999999999751e-01 9.000000000000000000e+01
2.854999999999999760e-01 9.000000000000000000e+01
2.864999999999999769e-01 7.800000000000000000e+01
2.874999999999999778e-01 6.600000000000000000e+01
2.884999999999999787e-01 7.700000000000000000e+01
2.894999999999999796e-01 6.400000000000000000e+01
2.904999999999999805e-01 6.500000000000000000e+01
2.914999999999999813e-01 6.900000000000000000e+01
2.924999999999999822e-01 7.500000000000000000e+01
2.934999999999999831e-01 5.900000000000000000e+01
2.944999999999999840e-01 7.900000000000000000e+01
2.954999999999999849e-01 5.800000000000000000e+01
2.964999999999999858e-01 6.000000000000000000e+01
2.974999999999999867e-01 4.200000000000000000e+01
2.984999999999999876e-01 5.600000000000000000e+01
2.994999999999999885e-01 4.600000000000000000e+01
3.004999999999999893e-01 1.431000000000000000e+03
