# Energy [MeV]	Counts
2.000000000000000042e-02 7.000000000000000000e+00
2.100000000000000130e-02 3.000000000000000000e+01
2.200000000000000219e-02 7.900000000000000000e+01
2.300000000000000308e-02 2.220000000000000000e+02
2.400000000000000397e-02 4.790000000000000000e+02
2.500000000000000486e-02 9.220000000000000000e+02
2.600000000000000575e-02 1.660000000000000000e+03
2.700000000000000663e-02 2.709000000000000000e+03
2.800000000000000752e-02 4.162000000000000000e+03
2.900000000000000841e-02 5.588000000000000000e+03
3.000000000000000930e-02 7.681000000000000000e+03
3.100000000000001366e-02 9.933000000000000000e+03
3.200000000000001454e-02 1.218100000000000000e+04
3.300000000000001543e-02 1.476400000000000000e+04
3.400000000000001632e-02 1.755700000000000000e+04
3.500000000000001721e-02 2.021700000000000000e+04
3.600000000000001810e-02 2.291000000000000000e+04
3.700000000000001898e-02 2.542200000000000000e+04
3.800000000000001987e-02 2.794400000000000000e+04
3.900000000000002076e-02 3.039900000000000000e+04
4.000000000000002165e-02 3.217300000000000000e+04
4.100000000000002254e-02 3.425200000000000000e+04
4.200000000000002343e-02 3.569500000000000000e+04
4.300000000000002431e-02 3.804800000000000000e+04
4.400000000000002520e-02 3.873500000000000000e+04
4.500000000000002609e-02 4.022000000000000000e+04
4.600000000000002698e-02 4.139100000000000000e+04
4.700000000000002787e-02 4.215800000000000000e+04
4.800000000000002875e-02 4.296500000000000000e+04
4.900000000000002964e-02 4.333100000000000000e+04
5.000000000000003053e-02 4.419900000000000000e+04
5.100000000000003142e-02 4.442800000000000000e+04
5.200000000000003231e-02 4.455300000000000000e+04
5.300000000000003320e-02 4.464600000000000000e+04
5.400000000000003408e-02 4.456100000000000000e+04
5.500000000000003497e-02 4.494600000000000000e+04
5.600000000000003586e-02 4.472600000000000000e+04
5.700000000000003675e-02 4.438700000000000000e+04
5.800000000000003764e-02 1.707000000000000000e+05
5.900000000000003852e-02 2.678210000000000000e+05
6.000000000000003941e-02 4.330000000000000000e+04
6.100000000000004030e-02 4.281000000000000000e+04
6.200000000000004119e-02 4.225500000000000000e+04
6.300000000000004208e-02 4.185400000000000000e+04
6.400000000000004297e-02 4.122600000000000000e+04
6.500000000000004385e-02 4.092500000000000000e+04
6.600000000000004474e-02 4.037800000000000000e+04
6.700000000000004563e-02 1.224240000000000000e+05
6.800000000000004652e-02 3.929300000000000000e+04
6.900000000000004741e-02 6.069100000000000000e+04
7.000000000000004829e-02 3.490300000000000000e+04
7.100000000000004918e-02 3.431000000000000000e+04
7.200000000000005007e-02 3.376200000000000000e+04
7.300000000000005096e-02 3.317400000000000000e+04
7.400000000000005185e-02 3.296900000000000000e+04
7.500000000000005274e-02 3.222800000000000000e+04
7.600000000000005362e-02 3.188100000000000000e+04
7.700000000000005451e-02 3.144200000000000000e+04
7.800000000000005540e-02 3.092100000000000000e+04
7.900000000000005629e-02 3.026400000000000000e+04
8.000000000000005718e-02 2.964800000000000000e+04
8.100000000000005806e-02 2.916600000000000000e+04
8.200000000000005895e-02 2.882400000000000000e+04
8.300000000000005984e-02 2.766300000000000000e+04
8.400000000000006073e-02 2.747600000000000000e+04
8.500000000000006162e-02 2.676600000000000000e+04
8.600000000000006251e-02 2.642500000000000000e+04
8.700000000000006339e-02 2.573200000000000000e+04
8.800000000000006428e-02 2.526800000000000000e+04
8.900000000000006517e-02 2.499400000000000000e+04
9.000000000000006606e-02 2.445000000000000000e+04
9.100000000000006695e-02 2.358200000000000000e+04
9.200000000000006783e-02 2.369000000000000000e+04
9.300000000000006872e-02 2.279300000000000000e+04
9.400000000000006961e-02 2.231700000000000000e+04
9.500000000000007050e-02 2.178200000000000000e+04
9.600000000000007139e-02 2.120200000000000000e+04
9.700000000000007228e-02 2.058300000000000000e+04
9.800000000000007316e-02 2.019400000000000000e+04
9.900000000000007405e-02 1.985200000000000000e+04
1.000000000000000749e-01 1.934400000000000000e+04
1.010000000000000758e-01 1.883400000000000000e+04
1.020000000000000767e-01 1.801800000000000000e+04
1.030000000000000776e-01 1.767900000000000000e+04
1.040000000000000785e-01 1.733600000000000000e+04
1.050000000000000794e-01 1.668400000000000000e+04
1.060000000000000803e-01 1.634900000000000000e+04
1.070000000000000812e-01 1.600800000000000000e+04
1.080000000000000820e-01 1.551100000000000000e+04
1.090000000000000829e-01 1.489200000000000000e+04
1.100000000000000838e-01 1.480700000000000000e+04
1.110000000000000847e-01 1.391400000000000000e+04
1.120000000000000856e-01 1.365600000000000000e+04
1.130000000000000865e-01 1.306000000000000000e+04
1.140000000000000874e-01 1.261600000000000000e+04
1.150000000000000883e-01 1.238200000000000000e+04
1.160000000000000892e-01 1.175200000000000000e+04
1.170000000000000900e-01 1.170800000000000000e+04
1.180000000000000909e-01 1.098200000000000000e+04
1.190000000000000918e-01 1.067400000000000000e+04
1.200000000000000927e-01 1.003500000000000000e+04
1.210000000000000936e-01 9.643000000000000000e+03
1.220000000000000945e-01 9.317000000000000000e+03
1.230000000000000954e-01 8.889000000000000000e+03
1.240000000000000963e-01 8.473000000000000000e+03
1.250000000000000833e-01 7.989000000000000000e+03
1.260000000000000842e-01 7.557000000000000000e+03
1.270000000000000850e-01 7.228000000000000000e+03
1.280000000000000859e-01 6.888000000000000000e+03
1.290000000000000868e-01 6.277000000000000000e+03
1.300000000000000877e-01 5.844000000000000000e+03
1.310000000000000886e-01 5.417000000000000000e+03
1.320000000000000895e-01 5.024000000000000000e+03
1.330000000000000904e-01 4.566000000000000000e+03
1.340000000000000913e-01 4.068000000000000000e+03
1.350000000000000921e-01 3.524000000000000000e+03
1.360000000000000930e-01 3.164000000000000000e+03
1.370000000000000939e-01 2.746000000000000000e+03
1.380000000000000948e-01 1.766000000000000000e+03
1.390000000000000957e-01 9.160000000000000000e+02
1.400000000000000966e-01 1.040000000000000000e+02
1.410000000000000975e-01 0.000000000000000000e+00
1.420000000000000984e-01 0.000000000000000000e+00
1.430000000000000993e-01 0.000000000000000000e+00
1.440000000000001001e-01 0.000000000000000000e+00
1.450000000000001010e-01 0.000000000000000000e+00
1.460000000000001019e-01 0.000000000000000000e+00
1.470000000000001028e-01 0.000000000000000000e+00
1.480000000000001037e-01 0.000000000000000000e+00
1.490000000000001046e-01 0.000000000000000000e+00
