# Energy [MeV]	Counts
2.050000000000000086e-02 2.817000000000000000e+03
2.149999999999999828e-02 3.108000000000000000e+03
2.249999999999999917e-02 2.909000000000000000e+03
2.350000000000000006e-02 2.809000000000000000e+03
2.450000000000000094e-02 2.888000000000000000e+03
2.550000000000000183e-02 3.329000000000000000e+03
2.649999999999999925e-02 3.085000000000000000e+03
2.749999999999999667e-02 3.136000000000000000e+03
2.849999999999999756e-02 3.438000000000000000e+03
2.949999999999999845e-02 4.045000000000000000e+03
3.049999999999999933e-02 3.993000000000000000e+03
3.150000000000000022e-02 4.334000000000000000e+03
3.250000000000000111e-02 4.671000000000000000e+03
3.350000000000000200e-02 5.410000000000000000e+03
3.449999999999999595e-02 5.617000000000000000e+03
3.549999999999999684e-02 6.053000000000000000e+03
3.649999999999999772e-02 6.530000000000000000e+03
3.749999999999999167e-02 7.320000000000000000e+03
3.849999999999999256e-02 7.709000000000000000e+03
3.949999999999999345e-02 8.007000000000000000e+03
4.049999999999999434e-02 8.432000000000000000e+03
4.149999999999999523e-02 9.062000000000000000e+03
4.249999999999999611e-02 9.647000000000000000e+03
4.349999999999999700e-02 1.000300000000000000e+04
4.449999999999999789e-02 1.001400000000000000e+04
4.549999999999999878e-02 1.078800000000000000e+04
4.649999999999999967e-02 1.136900000000000000e+04
4.750000000000000056e-02 1.114000000000000000e+04
4.849999999999999450e-02 1.174000000000000000e+04
4.949999999999999539e-02 1.224100000000000000e+04
5.049999999999998934e-02 1.241300000000000000e+04
5.149999999999999023e-02 1.240900000000000000e+04
5.249999999999999112e-02 1.307600000000000000e+04
5.349999999999999201e-02 1.335300000000000000e+04
5.449999999999999289e-02 1.328000000000000000e+04
5.549999999999999378e-02 1.387200000000000000e+04
5.649999999999999467e-02 1.401200000000000000e+04
5.749999999999999556e-02 2.281100000000000000e+04
5.849999999999999645e-02 2.857400000000000000e+04
5.949999999999999734e-02 5.469100000000000000e+04
6.049999999999999822e-02 1.866500000000000000e+04
6.149999999999999217e-02 1.703300000000000000e+04
6.249999999999998612e-02 1.635700000000000000e+04
6.349999999999998701e-02 1.627500000000000000e+04
6.449999999999998790e-02 1.577700000000000000e+04
6.549999999999998879e-02 1.625400000000000000e+04
6.649999999999998967e-02 1.614300000000000000e+04
6.749999999999999056e-02 3.102100000000000000e+04
6.849999999999999145e-02 1.892000000000000000e+04
6.949999999999999234e-02 1.935700000000000000e+04
7.049999999999999323e-02 1.612500000000000000e+04
7.149999999999999412e-02 1.614000000000000000e+04
7.249999999999999500e-02 1.591200000000000000e+04
7.349999999999999589e-02 1.571200000000000000e+04
7.449999999999998290e-02 1.554300000000000000e+04
7.549999999999998379e-02 1.591900000000000000e+04
7.649999999999998468e-02 1.554900000000000000e+04
7.749999999999998557e-02 1.561100000000000000e+04
7.849999999999998646e-02 1.586900000000000000e+04
7.949999999999998734e-02 1.562400000000000000e+04
8.049999999999998823e-02 1.569000000000000000e+04
8.149999999999998912e-02 1.556300000000000000e+04
8.249999999999999001e-02 1.565300000000000000e+04
8.349999999999999090e-02 1.571200000000000000e+04
8.449999999999999178e-02 1.562100000000000000e+04
8.549999999999999267e-02 1.554000000000000000e+04
8.649999999999999356e-02 1.567700000000000000e+04
8.749999999999999445e-02 1.568700000000000000e+04
8.849999999999999534e-02 1.592800000000000000e+04
8.949999999999999623e-02 1.561700000000000000e+04
9.049999999999999711e-02 1.584800000000000000e+04
9.149999999999998412e-02 1.606600000000000000e+04
9.249999999999998501e-02 1.577100000000000000e+04
9.349999999999998590e-02 1.575800000000000000e+04
9.449999999999998679e-02 1.578100000000000000e+04
9.549999999999998768e-02 1.589600000000000000e+04
9.649999999999998856e-02 1.571100000000000000e+04
9.749999999999998945e-02 1.559200000000000000e+04
9.849999999999999034e-02 1.601000000000000000e+04
9.949999999999999123e-02 1.564300000000000000e+04
1.004999999999999921e-01 1.552200000000000000e+04
1.014999999999999930e-01 1.540500000000000000e+04
1.024999999999999939e-01 1.541300000000000000e+04
1.034999999999999809e-01 1.540900000000000000e+04
1.044999999999999818e-01 1.519800000000000000e+04
1.054999999999999827e-01 1.542800000000000000e+04
1.064999999999999836e-01 1.526800000000000000e+04
1.074999999999999845e-01 1.520200000000000000e+04
1.084999999999999853e-01 1.515300000000000000e+04
1.094999999999999862e-01 1.483100000000000000e+04
1.104999999999999871e-01 1.469900000000000000e+04
1.114999999999999880e-01 1.454200000000000000e+04
1.124999999999999889e-01 1.463400000000000000e+04
1.134999999999999898e-01 1.466100000000000000e+04
1.144999999999999907e-01 1.420500000000000000e+04
1.154999999999999916e-01 1.446000000000000000e+04
1.164999999999999786e-01 1.450000000000000000e+04
1.174999999999999795e-01 1.412300000000000000e+04
1.184999999999999803e-01 1.389100000000000000e+04
1.194999999999999812e-01 1.368300000000000000e+04
1.204999999999999821e-01 1.335500000000000000e+04
1.214999999999999830e-01 1.316300000000000000e+04
1.224999999999999839e-01 1.295900000000000000e+04
1.234999999999999848e-01 1.296300000000000000e+04
1.244999999999999857e-01 1.293400000000000000e+04
1.254999999999999727e-01 1.263200000000000000e+04
1.264999999999999736e-01 1.241600000000000000e+04
1.274999999999999745e-01 1.239900000000000000e+04
1.284999999999999754e-01 1.186500000000000000e+04
1.294999999999999762e-01 1.174600000000000000e+04
1.304999999999999771e-01 1.157000000000000000e+04
1.314999999999999780e-01 1.118200000000000000e+04
1.324999999999999789e-01 1.084200000000000000e+04
1.334999999999999798e-01 1.069100000000000000e+04
1.344999999999999807e-01 1.077400000000000000e+04
1.354999999999999816e-01 1.061200000000000000e+04
1.364999999999999825e-01 1.030700000000000000e+04
1.374999999999999833e-01 9.840000000000000000e+03
1.384999999999999842e-01 9.676000000000000000e+03
1.394999999999999851e-01 9.469000000000000000e+03
1.404999999999999860e-01 9.247000000000000000e+03
1.414999999999999591e-01 8.925000000000000000e+03
1.424999999999999600e-01 8.663000000000000000e+03
1.434999999999999609e-01 8.690000000000000000e+03
1.444999999999999618e-01 8.475000000000000000e+03
1.454999999999999627e-01 8.355000000000000000e+03
1.464999999999999636e-01 8.286000000000000000e+03
1.474999999999999645e-01 7.930000000000000000e+03
1.484999999999999654e-01 7.965000000000000000e+03
1.494999999999999662e-01 8.010000000000000000e+03
1.504999999999999671e-01 7.781000000000000000e+03
1.514999999999999680e-01 7.716000000000000000e+03
1.524999999999999689e-01 7.703000000000000000e+03
1.534999999999999698e-01 7.369000000000000000e+03
1.544999999999999707e-01 7.526000000000000000e+03
1.554999999999999716e-01 7.290000000000000000e+03
1.564999999999999725e-01 7.204000000000000000e+03
1.574999999999999734e-01 7.121000000000000000e+03
1.584999999999999742e-01 6.848000000000000000e+03
1.594999999999999751e-01 6.933000000000000000e+03
1.604999999999999760e-01 6.676000000000000000e+03
1.614999999999999492e-01 6.712000000000000000e+03
1.624999999999999500e-01 6.583000000000000000e+03
1.634999999999999509e-01 6.463000000000000000e+03
1.644999999999999518e-01 6.442000000000000000e+03
1.654999999999999527e-01 6.271000000000000000e+03
1.664999999999999536e-01 6.120000000000000000e+03
1.674999999999999545e-01 6.034000000000000000e+03
1.684999999999999554e-01 5.977000000000000000e+03
1.694999999999999563e-01 5.845000000000000000e+03
1.704999999999999571e-01 5.771000000000000000e+03
1.714999999999999580e-01 5.513000000000000000e+03
1.724999999999999589e-01 5.472000000000000000e+03
1.734999999999999598e-01 5.489000000000000000e+03
1.744999999999999607e-01 5.328000000000000000e+03
1.754999999999999616e-01 5.190000000000000000e+03
1.764999999999999625e-01 5.204000000000000000e+03
1.774999999999999634e-01 5.128000000000000000e+03
1.784999999999999643e-01 5.074000000000000000e+03
1.794999999999999651e-01 4.962000000000000000e+03
1.804999999999999660e-01 4.760000000000000000e+03
1.814999999999999669e-01 4.641000000000000000e+03
1.824999999999999678e-01 4.674000000000000000e+03
1.834999999999999687e-01 4.516000000000000000e+03
1.844999999999999696e-01 4.415000000000000000e+03
1.854999999999999705e-01 4.401000000000000000e+03
1.864999999999999436e-01 4.288000000000000000e+03
1.874999999999999445e-01 4.002000000000000000e+03
1.884999999999999454e-01 4.063000000000000000e+03
1.894999999999999463e-01 3.966000000000000000e+03
1.904999999999999472e-01 3.820000000000000000e+03
1.914999999999999480e-01 3.704000000000000000e+03
1.924999999999999489e-01 3.699000000000000000e+03
1.934999999999999498e-01 3.575000000000000000e+03
1.944999999999999507e-01 3.533000000000000000e+03
1.954999999999999516e-01 3.489000000000000000e+03
1.964999999999999525e-01 3.396000000000000000e+03
1.974999999999999534e-01 3.398000000000000000e+03
1.984999999999999543e-01 3.322000000000000000e+03
1.994999999999999551e-01 3.212000000000000000e+03
2.004999999999999560e-01 3.079000000000000000e+03
2.014999999999999569e-01 2.964000000000000000e+03
2.024999999999999578e-01 2.991000000000000000e+03
2.034999999999999587e-01 2.881000000000000000e+03
2.044999999999999596e-01 2.945000000000000000e+03
2.054999999999999605e-01 2.811000000000000000e+03
2.064999999999999614e-01 2.677000000000000000e+03
2.074999999999999623e-01 2.641000000000000000e+03
2.084999999999999631e-01 2.610000000000000000e+03
2.094999999999999640e-01 2.447000000000000000e+03
2.104999999999999649e-01 2.432000000000000000e+03
2.114999999999999658e-01 2.338000000000000000e+03
2.124999999999999389e-01 2.359000000000000000e+03
2.134999999999999398e-01 2.316000000000000000e+03
2.144999999999999407e-01 2.308000000000000000e+03
2.154999999999999416e-01 2.203000000000000000e+03
2.164999999999999425e-01 2.178000000000000000e+03
2.174999999999999434e-01 2.163000000000000000e+03
2.184999999999999443e-01 2.159000000000000000e+03
2.194999999999999452e-01 2.049000000000000000e+03
2.204999999999999460e-01 1.965000000000000000e+03
2.214999999999999469e-01 1.921000000000000000e+03
2.224999999999999478e-01 1.898000000000000000e+03
2.234999999999999487e-01 1.860000000000000000e+03
2.244999999999999496e-01 1.827000000000000000e+03
2.254999999999999505e-01 1.778000000000000000e+03
2.264999999999999514e-01 1.735000000000000000e+03
2.274999999999999523e-01 1.700000000000000000e+03
2.284999999999999531e-01 1.660000000000000000e+03
2.294999999999999540e-01 1.685000000000000000e+03
2.304999999999999549e-01 1.615000000000000000e+03
2.314999999999999558e-01 1.497000000000000000e+03
2.324999999999999567e-01 1.589000000000000000e+03
2.334999999999999576e-01 1.517000000000000000e+03
2.344999999999999585e-01 1.388000000000000000e+03
2.354999999999999594e-01 1.344000000000000000e+03
2.364999999999999603e-01 1.392000000000000000e+03
2.374999999999999334e-01 1.353000000000000000e+03
2.384999999999999343e-01 1.311000000000000000e+03
2.394999999999999352e-01 1.260000000000000000e+03
2.404999999999999361e-01 1.224000000000000000e+03
2.414999999999999369e-01 1.172000000000000000e+03
2.424999999999999378e-01 1.193000000000000000e+03
2.434999999999999387e-01 1.156000000000000000e+03
2.444999999999999396e-01 1.120000000000000000e+03
2.454999999999999405e-01 1.110000000000000000e+03
2.464999999999999414e-01 1.020000000000000000e+03
2.474999999999999423e-01 1.025000000000000000e+03
2.484999999999999432e-01 1.048000000000000000e+03
2.494999999999999440e-01 9.750000000000000000e+02
2.504999999999999449e-01 9.500000000000000000e+02
2.514999999999999458e-01 9.360000000000000000e+02
2.524999999999999467e-01 9.510000000000000000e+02
2.534999999999999476e-01 9.360000000000000000e+02
2.544999999999999485e-01 8.540000000000000000e+02
2.554999999999999494e-01 8.240000000000000000e+02
2.564999999999999503e-01 9.020000000000000000e+02
2.574999999999999512e-01 8.340000000000000000e+02
2.584999999999999520e-01 8.370000000000000000e+02
2.594999999999999529e-01 7.610000000000000000e+02
2.604999999999999538e-01 7.800000000000000000e+02
2.614999999999999547e-01 7.440000000000000000e+02
2.624999999999999556e-01 7.830000000000000000e+02
2.634999999999999565e-01 7.290000000000000000e+02
2.644999999999999574e-01 7.300000000000000000e+02
2.654999999999999583e-01 6.850000000000000000e+02
2.664999999999999591e-01 6.370000000000000000e+02
2.674999999999999600e-01 6.450000000000000000e+02
2.684999999999999609e-01 6.260000000000000000e+02
2.694999999999999618e-01 5.750000000000000000e+02
2.704999999999999627e-01 5.780000000000000000e+02
2.714999999999999636e-01 5.840000000000000000e+02
2.724999999999999645e-01 5.770000000000000000e+02
2.734999999999999654e-01 5.720000000000000000e+02
2.744999999999999662e-01 4.960000000000000000e+02
2.754999999999999671e-01 5.470000000000000000e+02
2.764999999999999680e-01 5.380000000000000000e+02
2.774999999999999689e-01 4.610000000000000000e+02
2.784999999999999698e-01 4.440000000000000000e+02
2.794999999999999707e-01 5.050000000000000000e+02
2.804999999999999716e-01 4.540000000000000000e+02
2.814999999999999725e-01 4.370000000000000000e+02
2.824999999999999734e-01 4.030000000000000000e+02
2.834999999999999742e-01 4.150000000000000000e+02
2.844999999999999751e-01 4.310000000000000000e+02
2.854999999999999760e-01 4.080000000000000000e+02
2.864999999999999769e-01 4.170000000000000000e+02
2.874999999999999778e-01 3.790000000000000000e+02
2.884999999999999787e-01 3.730000000000000000e+02
2.894999999999999796e-01 3.240000000000000000e+02
2.904999999999999805e-01 3.430000000000000000e+02
2.914999999999999813e-01 3.460000000000000000e+02
2.924999999999999822e-01 3.160000000000000000e+02
2.934999999999999831e-01 2.980000000000000000e+02
2.944999999999999840e-01 3.250000000000000000e+02
2.954999999999999849e-01 2.940000000000000000e+02
2.964999999999999858e-01 3.000000000000000000e+02
2.974999999999999867e-01 2.830000000000000000e+02
2.984999999999999876e-01 2.870000000000000000e+02
2.994999999999999885e-01 2.270000000000000000e+02
3.004999999999999893e-01 9.297000000000000000e+03
