# Energy [MeV]	Counts
2.050000000000000086e-02 1.256700000000000000e+04
2.149999999999999828e-02 2.887700000000000000e+04
2.249999999999999917e-02 2.239140000000000000e+05
2.350000000000000006e-02 4.238580000000000000e+05
2.450000000000000094e-02 1.173200000000000000e+04
2.550000000000000183e-02 1.986700000000000000e+04
2.649999999999999925e-02 1.723310000000000000e+05
2.749999999999999667e-02 2.344820000000000000e+05
2.849999999999999756e-02 7.319000000000000000e+03
2.949999999999999845e-02 6.034000000000000000e+03
3.049999999999999933e-02 5.819000000000000000e+04
3.150000000000000022e-02 1.936300000000000000e+04
3.250000000000000111e-02 4.131000000000000000e+03
3.350000000000000200e-02 2.708000000000000000e+03
3.449999999999999595e-02 1.983000000000000000e+03
3.549999999999999684e-02 3.562000000000000000e+03
3.649999999999999772e-02 3.755000000000000000e+03
3.749999999999999167e-02 3.185000000000000000e+03
3.849999999999999256e-02 4.355000000000000000e+03
3.949999999999999345e-02 6.845000000000000000e+03
4.049999999999999434e-02 9.145000000000000000e+03
4.149999999999999523e-02 1.791000000000000000e+03
4.249999999999999611e-02 2.789000000000000000e+03
4.349999999999999700e-02 2.543000000000000000e+03
4.449999999999999789e-02 3.920000000000000000e+03
4.549999999999999878e-02 2.995000000000000000e+03
4.649999999999999967e-02 3.005000000000000000e+03
4.750000000000000056e-02 5.540000000000000000e+03
4.849999999999999450e-02 2.505000000000000000e+03
4.949999999999999539e-02 1.736900000000000000e+04
5.049999999999998934e-02 4.033000000000000000e+03
5.149999999999999023e-02 2.755000000000000000e+03
5.249999999999999112e-02 1.615700000000000000e+04
5.349999999999999201e-02 6.005000000000000000e+03
5.449999999999999289e-02 2.984000000000000000e+03
5.549999999999999378e-02 1.454300000000000000e+04
5.649999999999999467e-02 3.947000000000000000e+03
5.749999999999999556e-02 4.884000000000000000e+03
5.849999999999999645e-02 2.884000000000000000e+03
5.949999999999999734e-02 3.657000000000000000e+03
6.049999999999999822e-02 1.870200000000000000e+04
6.149999999999999217e-02 3.028000000000000000e+03
6.249999999999998612e-02 3.002000000000000000e+03
6.349999999999998701e-02 2.890000000000000000e+03
6.449999999999998790e-02 1.174300000000000000e+04
6.549999999999998879e-02 3.751000000000000000e+03
6.649999999999998967e-02 3.380000000000000000e+03
6.749999999999999056e-02 3.869000000000000000e+03
6.849999999999999145e-02 2.013900000000000000e+04
6.949999999999999234e-02 7.252300000000000000e+04
7.049999999999999323e-02 5.579400000000000000e+04
7.149999999999999412e-02 7.804000000000000000e+03
7.249999999999999500e-02 2.924490000000000000e+05
7.349999999999999589e-02 1.634880000000000000e+05
7.449999999999998290e-02 1.487200000000000000e+04
7.549999999999998379e-02 1.233500000000000000e+04
7.649999999999998468e-02 4.055910000000000000e+05
7.749999999999998557e-02 2.274880000000000000e+05
7.849999999999998646e-02 2.005200000000000000e+04
7.949999999999998734e-02 1.451500000000000000e+04
8.049999999999998823e-02 8.031000000000000000e+03
8.149999999999998912e-02 5.787000000000000000e+03
8.249999999999999001e-02 8.745000000000000000e+03
8.349999999999999090e-02 8.348000000000000000e+03
8.449999999999999178e-02 8.690000000000000000e+03
8.549999999999999267e-02 6.279000000000000000e+03
8.649999999999999356e-02 1.124900000000000000e+04
8.749999999999999445e-02 7.487000000000000000e+03
8.849999999999999534e-02 8.348000000000000000e+03
8.949999999999999623e-02 9.584000000000000000e+03
9.049999999999999711e-02 6.842000000000000000e+03
9.149999999999998412e-02 9.985000000000000000e+03
9.249999999999998501e-02 1.030900000000000000e+04
9.349999999999998590e-02 6.950000000000000000e+03
9.449999999999998679e-02 8.118000000000000000e+03
9.549999999999998768e-02 3.293100000000000000e+04
9.649999999999998856e-02 6.593000000000000000e+03
9.749999999999998945e-02 1.464600000000000000e+04
9.849999999999999034e-02 1.053000000000000000e+04
9.949999999999999123e-02 5.506000000000000000e+03
1.004999999999999921e-01 2.633045000000000000e+06
1.014999999999999930e-01 6.047000000000000000e+04
1.024999999999999939e-01 6.593400000000000000e+04
1.034999999999999809e-01 2.585000000000000000e+03
1.044999999999999818e-01 1.907000000000000000e+03
1.054999999999999827e-01 3.196000000000000000e+03
1.064999999999999836e-01 3.019000000000000000e+03
1.074999999999999845e-01 2.185000000000000000e+03
1.084999999999999853e-01 1.364000000000000000e+03
1.094999999999999862e-01 2.210000000000000000e+04
1.104999999999999871e-01 7.033000000000000000e+03
1.114999999999999880e-01 9.638000000000000000e+03
1.124999999999999889e-01 3.766000000000000000e+03
1.134999999999999898e-01 2.679000000000000000e+03
1.144999999999999907e-01 7.488000000000000000e+03
1.154999999999999916e-01 1.279000000000000000e+03
1.164999999999999786e-01 7.128000000000000000e+03
1.174999999999999795e-01 2.504000000000000000e+03
1.184999999999999803e-01 1.021000000000000000e+03
1.194999999999999812e-01 3.902000000000000000e+03
1.204999999999999821e-01 1.474000000000000000e+03
1.214999999999999830e-01 8.630000000000000000e+02
1.224999999999999839e-01 1.973000000000000000e+03
1.234999999999999848e-01 7.890000000000000000e+02
1.244999999999999857e-01 3.900000000000000000e+02
1.254999999999999727e-01 8.750000000000000000e+02
1.264999999999999736e-01 8.790000000000000000e+02
1.274999999999999745e-01 6.320000000000000000e+02
1.284999999999999754e-01 3.900000000000000000e+02
1.294999999999999762e-01 8.470000000000000000e+02
1.304999999999999771e-01 9.880000000000000000e+02
1.314999999999999780e-01 4.680000000000000000e+02
1.324999999999999789e-01 5.450000000000000000e+02
1.334999999999999798e-01 4.524000000000000000e+03
1.344999999999999807e-01 5.570000000000000000e+02
1.354999999999999816e-01 8.680000000000000000e+02
1.364999999999999825e-01 1.896300000000000000e+04
1.374999999999999833e-01 8.140000000000000000e+02
1.384999999999999842e-01 2.531100000000000000e+04
1.394999999999999851e-01 1.458000000000000000e+03
1.404999999999999860e-01 3.200000000000000000e+02
1.414999999999999591e-01 3.210000000000000000e+02
1.424999999999999600e-01 4.120000000000000000e+02
1.434999999999999609e-01 2.630000000000000000e+02
1.444999999999999618e-01 2.500000000000000000e+02
1.454999999999999627e-01 2.710000000000000000e+02
1.464999999999999636e-01 3.390000000000000000e+02
1.474999999999999645e-01 1.143000000000000000e+03
1.484999999999999654e-01 3.660000000000000000e+02
1.494999999999999662e-01 6.180000000000000000e+02
1.504999999999999671e-01 3.217000000000000000e+03
1.514999999999999680e-01 2.060000000000000000e+03
1.524999999999999689e-01 1.535000000000000000e+03
1.534999999999999698e-01 3.100000000000000000e+02
1.544999999999999707e-01 7.224000000000000000e+03
1.554999999999999716e-01 5.368600000000000000e+04
1.564999999999999725e-01 2.395000000000000000e+03
1.574999999999999734e-01 2.670000000000000000e+02
1.584999999999999742e-01 2.990000000000000000e+02
1.594999999999999751e-01 2.250000000000000000e+02
1.604999999999999760e-01 2.110000000000000000e+02
1.614999999999999492e-01 2.800000000000000000e+02
1.624999999999999500e-01 2.570000000000000000e+02
1.634999999999999509e-01 1.450000000000000000e+02
1.644999999999999518e-01 1.740000000000000000e+02
1.654999999999999527e-01 2.150000000000000000e+02
1.664999999999999536e-01 2.940000000000000000e+02
1.674999999999999545e-01 2.180000000000000000e+02
1.684999999999999554e-01 3.790000000000000000e+02
1.694999999999999563e-01 4.170000000000000000e+02
1.704999999999999571e-01 2.750000000000000000e+02
1.714999999999999580e-01 2.260000000000000000e+02
1.724999999999999589e-01 2.690000000000000000e+02
1.734999999999999598e-01 1.271000000000000000e+04
1.744999999999999607e-01 1.674000000000000000e+03
1.754999999999999616e-01 2.250000000000000000e+02
1.764999999999999625e-01 1.620000000000000000e+02
1.774999999999999634e-01 1.520000000000000000e+02
1.784999999999999643e-01 9.600000000000000000e+01
1.794999999999999651e-01 2.230000000000000000e+02
1.804999999999999660e-01 1.030000000000000000e+02
1.814999999999999669e-01 1.000000000000000000e+02
1.824999999999999678e-01 1.010000000000000000e+02
1.834999999999999687e-01 1.440000000000000000e+02
1.844999999999999696e-01 9.100000000000000000e+01
1.854999999999999705e-01 8.500000000000000000e+01
1.864999999999999436e-01 1.130000000000000000e+02
1.874999999999999445e-01 1.440000000000000000e+02
1.884999999999999454e-01 9.500000000000000000e+01
1.894999999999999463e-01 7.200000000000000000e+01
1.904999999999999472e-01 8.800000000000000000e+01
1.914999999999999480e-01 2.150000000000000000e+02
1.924999999999999489e-01 7.300000000000000000e+01
1.934999999999999498e-01 6.100000000000000000e+01
1.944999999999999507e-01 1.390000000000000000e+02
1.954999999999999516e-01 5.200000000000000000e+01
1.964999999999999525e-01 4.500000000000000000e+01
1.974999999999999534e-01 5.200000000000000000e+01
1.984999999999999543e-01 2.650000000000000000e+02
1.994999999999999551e-01 3.500000000000000000e+01
2.004999999999999560e-01 6.700000000000000000e+01
2.014999999999999569e-01 1.100000000000000000e+01
2.024999999999999578e-01 1.000000000000000000e+01
2.034999999999999587e-01 1.200000000000000000e+01
2.044999999999999596e-01 9.000000000000000000e+00
2.054999999999999605e-01 1.200000000000000000e+01
2.064999999999999614e-01 1.000000000000000000e+01
2.074999999999999623e-01 9.000000000000000000e+00
2.084999999999999631e-01 1.600000000000000000e+01
2.094999999999999640e-01 1.000000000000000000e+01
2.104999999999999649e-01 6.000000000000000000e+00
2.114999999999999658e-01 1.100000000000000000e+01
2.124999999999999389e-01 9.000000000000000000e+00
2.134999999999999398e-01 9.000000000000000000e+00
2.144999999999999407e-01 9.000000000000000000e+00
2.154999999999999416e-01 4.000000000000000000e+00
2.164999999999999425e-01 6.000000000000000000e+00
2.174999999999999434e-01 8.000000000000000000e+00
2.184999999999999443e-01 7.000000000000000000e+00
2.194999999999999452e-01 4.000000000000000000e+00
2.204999999999999460e-01 9.000000000000000000e+00
2.214999999999999469e-01 1.200000000000000000e+01
2.224999999999999478e-01 2.000000000000000000e+00
2.234999999999999487e-01 7.000000000000000000e+00
2.244999999999999496e-01 1.200000000000000000e+01
2.254999999999999505e-01 7.000000000000000000e+00
2.264999999999999514e-01 5.000000000000000000e+00
2.274999999999999523e-01 1.000000000000000000e+01
2.284999999999999531e-01 8.000000000000000000e+00
2.294999999999999540e-01 5.000000000000000000e+00
2.304999999999999549e-01 1.400000000000000000e+01
2.314999999999999558e-01 1.200000000000000000e+01
2.324999999999999567e-01 1.400000000000000000e+01
2.334999999999999576e-01 4.000000000000000000e+00
2.344999999999999585e-01 6.000000000000000000e+00
2.354999999999999594e-01 1.300000000000000000e+01
2.364999999999999603e-01 1.000000000000000000e+01
2.374999999999999334e-01 9.000000000000000000e+00
2.384999999999999343e-01 7.000000000000000000e+00
2.394999999999999352e-01 7.000000000000000000e+00
2.404999999999999361e-01 2.000000000000000000e+00
2.414999999999999369e-01 1.400000000000000000e+01
2.424999999999999378e-01 5.000000000000000000e+00
2.434999999999999387e-01 1.000000000000000000e+00
2.444999999999999396e-01 7.000000000000000000e+00
2.454999999999999405e-01 4.000000000000000000e+00
2.464999999999999414e-01 3.000000000000000000e+00
2.474999999999999423e-01 1.000000000000000000e+00
2.484999999999999432e-01 6.000000000000000000e+00
2.494999999999999440e-01 5.000000000000000000e+00
2.504999999999999449e-01 3.500000000000000000e+01
2.514999999999999458e-01 4.000000000000000000e+00
2.524999999999999467e-01 1.000000000000000000e+00
2.534999999999999476e-01 0.000000000000000000e+00
2.544999999999999485e-01 8.000000000000000000e+00
2.554999999999999494e-01 0.000000000000000000e+00
2.564999999999999503e-01 0.000000000000000000e+00
2.574999999999999512e-01 1.000000000000000000e+00
2.584999999999999520e-01 0.000000000000000000e+00
2.594999999999999529e-01 0.000000000000000000e+00
2.604999999999999538e-01 0.000000000000000000e+00
2.614999999999999547e-01 0.000000000000000000e+00
2.624999999999999556e-01 1.000000000000000000e+00
2.634999999999999565e-01 0.000000000000000000e+00
2.644999999999999574e-01 1.000000000000000000e+00
2.654999999999999583e-01 1.000000000000000000e+00
2.664999999999999591e-01 1.000000000000000000e+00
2.674999999999999600e-01 1.000000000000000000e+00
2.684999999999999609e-01 1.000000000000000000e+00
2.694999999999999618e-01 0.000000000000000000e+00
2.704999999999999627e-01 0.000000000000000000e+00
2.714999999999999636e-01 4.000000000000000000e+00
2.724999999999999645e-01 0.000000000000000000e+00
2.734999999999999654e-01 0.000000000000000000e+00
2.744999999999999662e-01 0.000000000000000000e+00
2.754999999999999671e-01 0.000000000000000000e+00
2.764999999999999680e-01 0.000000000000000000e+00
2.774999999999999689e-01 0.000000000000000000e+00
2.784999999999999698e-01 0.000000000000000000e+00
2.794999999999999707e-01 0.000000000000000000e+00
2.804999999999999716e-01 0.000000000000000000e+00
2.814999999999999725e-01 0.000000000000000000e+00
2.824999999999999734e-01 0.000000000000000000e+00
2.834999999999999742e-01 0.000000000000000000e+00
2.844999999999999751e-01 0.000000000000000000e+00
2.854999999999999760e-01 0.000000000000000000e+00
2.864999999999999769e-01 0.000000000000000000e+00
2.874999999999999778e-01 0.000000000000000000e+00
2.884999999999999787e-01 0.000000000000000000e+00
2.894999999999999796e-01 0.000000000000000000e+00
2.904999999999999805e-01 0.000000000000000000e+00
2.914999999999999813e-01 0.000000000000000000e+00
2.924999999999999822e-01 0.000000000000000000e+00
2.934999999999999831e-01 0.000000000000000000e+00
2.944999999999999840e-01 0.000000000000000000e+00
2.954999999999999849e-01 0.000000000000000000e+00
2.964999999999999858e-01 0.000000000000000000e+00
2.974999999999999867e-01 0.000000000000000000e+00
2.984999999999999876e-01 0.000000000000000000e+00
2.994999999999999885e-01 0.000000000000000000e+00
3.004999999999999893e-01 0.000000000000000000e+00
