# Energy [MeV]	Counts
2.000000000000000042e-02 1.700000000000000000e+01
2.100000000000000130e-02 5.300000000000000000e+01
2.200000000000000219e-02 1.430000000000000000e+02
2.300000000000000308e-02 3.340000000000000000e+02
2.400000000000000397e-02 7.860000000000000000e+02
2.500000000000000486e-02 1.355000000000000000e+03
2.600000000000000575e-02 2.195000000000000000e+03
2.700000000000000663e-02 3.488000000000000000e+03
2.800000000000000752e-02 5.094000000000000000e+03
2.900000000000000841e-02 7.066000000000000000e+03
3.000000000000000930e-02 9.035000000000000000e+03
3.100000000000001366e-02 1.175200000000000000e+04
3.200000000000001454e-02 1.458500000000000000e+04
3.300000000000001543e-02 1.722500000000000000e+04
3.400000000000001632e-02 2.023200000000000000e+04
3.500000000000001721e-02 2.291700000000000000e+04
3.600000000000001810e-02 2.561400000000000000e+04
3.700000000000001898e-02 2.827200000000000000e+04
3.800000000000001987e-02 3.081900000000000000e+04
3.900000000000002076e-02 3.322300000000000000e+04
4.000000000000002165e-02 3.533000000000000000e+04
4.100000000000002254e-02 3.742800000000000000e+04
4.200000000000002343e-02 3.900200000000000000e+04
4.300000000000002431e-02 4.033800000000000000e+04
4.400000000000002520e-02 4.191800000000000000e+04
4.500000000000002609e-02 4.314500000000000000e+04
4.600000000000002698e-02 4.428600000000000000e+04
4.700000000000002787e-02 4.523700000000000000e+04
4.800000000000002875e-02 4.571900000000000000e+04
4.900000000000002964e-02 4.622000000000000000e+04
5.000000000000003053e-02 4.596300000000000000e+04
5.100000000000003142e-02 4.641800000000000000e+04
5.200000000000003231e-02 4.706800000000000000e+04
5.300000000000003320e-02 4.661800000000000000e+04
5.400000000000003408e-02 4.712100000000000000e+04
5.500000000000003497e-02 4.680900000000000000e+04
5.600000000000003586e-02 4.646300000000000000e+04
5.700000000000003675e-02 4.624200000000000000e+04
5.800000000000003764e-02 1.783450000000000000e+05
5.900000000000003852e-02 2.797910000000000000e+05
6.000000000000003941e-02 4.563100000000000000e+04
6.100000000000004030e-02 4.455400000000000000e+04
6.200000000000004119e-02 4.437200000000000000e+04
6.300000000000004208e-02 4.351600000000000000e+04
6.400000000000004297e-02 4.285700000000000000e+04
6.500000000000004385e-02 4.229500000000000000e+04
6.600000000000004474e-02 4.191400000000000000e+04
6.700000000000004563e-02 1.265190000000000000e+05
6.800000000000004652e-02 4.088300000000000000e+04
6.900000000000004741e-02 6.281700000000000000e+04
7.000000000000004829e-02 3.580400000000000000e+04
7.100000000000004918e-02 3.542900000000000000e+04
7.200000000000005007e-02 3.493400000000000000e+04
7.300000000000005096e-02 3.440600000000000000e+04
7.400000000000005185e-02 3.390500000000000000e+04
7.500000000000005274e-02 3.346000000000000000e+04
7.600000000000005362e-02 3.279300000000000000e+04
7.700000000000005451e-02 3.230500000000000000e+04
7.800000000000005540e-02 3.185300000000000000e+04
7.900000000000005629e-02 3.079600000000000000e+04
8.000000000000005718e-02 3.067500000000000000e+04
8.100000000000005806e-02 2.983700000000000000e+04
8.200000000000005895e-02 2.936400000000000000e+04
8.300000000000005984e-02 2.864900000000000000e+04
8.400000000000006073e-02 2.809000000000000000e+04
8.500000000000006162e-02 2.757000000000000000e+04
8.600000000000006251e-02 2.706400000000000000e+04
8.700000000000006339e-02 2.637000000000000000e+04
8.800000000000006428e-02 2.637600000000000000e+04
8.900000000000006517e-02 2.552100000000000000e+04
9.000000000000006606e-02 2.470500000000000000e+04
9.100000000000006695e-02 2.457500000000000000e+04
9.200000000000006783e-02 2.380500000000000000e+04
9.300000000000006872e-02 2.332600000000000000e+04
9.400000000000006961e-02 2.278700000000000000e+04
9.500000000000007050e-02 2.229400000000000000e+04
9.600000000000007139e-02 2.168300000000000000e+04
9.700000000000007228e-02 2.130600000000000000e+04
9.800000000000007316e-02 2.046800000000000000e+04
9.900000000000007405e-02 1.990600000000000000e+04
1.000000000000000749e-01 1.959900000000000000e+04
1.010000000000000758e-01 1.930500000000000000e+04
1.020000000000000767e-01 1.875000000000000000e+04
1.030000000000000776e-01 1.805400000000000000e+04
1.040000000000000785e-01 1.757300000000000000e+04
1.050000000000000794e-01 1.725500000000000000e+04
1.060000000000000803e-01 1.658400000000000000e+04
1.070000000000000812e-01 1.625400000000000000e+04
1.080000000000000820e-01 1.567900000000000000e+04
1.090000000000000829e-01 1.515500000000000000e+04
1.100000000000000838e-01 1.487200000000000000e+04
1.110000000000000847e-01 1.437400000000000000e+04
1.120000000000000856e-01 1.384100000000000000e+04
1.130000000000000865e-01 1.330000000000000000e+04
1.140000000000000874e-01 1.317100000000000000e+04
1.150000000000000883e-01 1.250000000000000000e+04
1.160000000000000892e-01 1.212000000000000000e+04
1.170000000000000900e-01 1.165700000000000000e+04
1.180000000000000909e-01 1.125100000000000000e+04
1.190000000000000918e-01 1.069000000000000000e+04
1.200000000000000927e-01 1.040700000000000000e+04
1.210000000000000936e-01 9.789000000000000000e+03
1.220000000000000945e-01 9.481000000000000000e+03
1.230000000000000954e-01 8.972000000000000000e+03
1.240000000000000963e-01 8.648000000000000000e+03
1.250000000000000833e-01 8.262000000000000000e+03
1.260000000000000842e-01 7.754000000000000000e+03
1.270000000000000850e-01 7.361000000000000000e+03
1.280000000000000859e-01 7.008000000000000000e+03
1.290000000000000868e-01 6.525000000000000000e+03
1.300000000000000877e-01 6.004000000000000000e+03
1.310000000000000886e-01 5.534000000000000000e+03
1.320000000000000895e-01 5.096000000000000000e+03
1.330000000000000904e-01 4.549000000000000000e+03
1.340000000000000913e-01 4.060000000000000000e+03
1.350000000000000921e-01 3.717000000000000000e+03
1.360000000000000930e-01 3.136000000000000000e+03
1.370000000000000939e-01 2.640000000000000000e+03
1.380000000000000948e-01 1.883000000000000000e+03
1.390000000000000957e-01 9.540000000000000000e+02
1.400000000000000966e-01 1.110000000000000000e+02
1.410000000000000975e-01 0.000000000000000000e+00
1.420000000000000984e-01 0.000000000000000000e+00
1.430000000000000993e-01 0.000000000000000000e+00
1.440000000000001001e-01 0.000000000000000000e+00
1.450000000000001010e-01 0.000000000000000000e+00
1.460000000000001019e-01 0.000000000000000000e+00
1.470000000000001028e-01 0.000000000000000000e+00
1.480000000000001037e-01 0.000000000000000000e+00
1.490000000000001046e-01 0.000000000000000000e+00
